0 3.180435e-09
1 2.195682e-09
2 1.462799e-09
3 9.582686e-10
4 6.335321e-10
5 4.263494e-10
6 2.925815e-10
7 2.026904e-10
8 1.393386e-10
9 9.343005e-11
10 6.021185e-11
11 3.695012e-11
12 2.150168e-11
13 1.188620e-11
14 6.282529e-12
15 0.000000e+00
16 0.000000e+00
17 0.000000e+00
18 0.000000e+00
19 0.000000e+00
20 5.208068e-09
21 3.671596e-09
22 2.492246e-09
23 1.635289e-09
24 1.068381e-09
25 7.080103e-10
26 4.789093e-10
27 3.298337e-10
28 2.281265e-10
29 1.555896e-10
30 1.028657e-10
31 6.507194e-11
32 3.909040e-11
33 2.226100e-11
34 1.206104e-11
35 0.000000e+00
36 0.000000e+00
37 0.000000e+00
38 0.000000e+00
39 0.000000e+00
40 5.974188e-09
41 4.236536e-09
42 2.893647e-09
43 1.903661e-09
44 1.240107e-09
45 8.187251e-10
46 5.512355e-10
47 3.784997e-10
48 2.618543e-10
49 1.791979e-10
50 1.192182e-10
51 7.603744e-11
52 4.608561e-11
53 2.646988e-11
54 1.445244e-11
55 0.000000e+00
56 0.000000e+00
57 0.000000e+00
58 0.000000e+00
59 0.000000e+00
60 6.461060e-09
61 4.595116e-09
62 3.148085e-09
63 2.074128e-09
64 1.349240e-09
65 8.890754e-10
66 5.971085e-10
67 4.094078e-10
68 2.832533e-10
69 1.942134e-10
70 1.296171e-10
71 8.299660e-11
72 5.052581e-11
73 2.914582e-11
74 1.597193e-11
75 0.000000e+00
76 0.000000e+00
77 0.000000e+00
78 0.000000e+00
79 0.000000e+00
80 6.910026e-09
81 4.926922e-09
82 3.383172e-09
83 2.231400e-09
84 1.450049e-09
85 9.538904e-10
86 6.394000e-10
87 4.379616e-10
88 3.030701e-10
89 2.081097e-10
90 1.392426e-10
91 8.944054e-11
92 5.464040e-11
93 3.160953e-11
94 1.737163e-11
95 0.000000e+00
96 0.000000e+00
97 0.000000e+00
98 0.000000e+00
99 0.000000e+00
100 1.064054e-08
101 7.747789e-09
102 5.441810e-09
103 3.663864e-09
104 2.378105e-09
105 1.546542e-09
106 1.018882e-09
107 6.869718e-10
108 4.719240e-10
109 3.256222e-10
110 2.214404e-10
111 1.458673e-10
112 9.187303e-11
113 5.491919e-11
114 3.111020e-11
115 0.000000e+00
116 0.000000e+00
117 0.000000e+00
118 0.000000e+00
119 0.000000e+00
120 1.357378e-08
121 1.001696e-08
122 7.118864e-09
123 4.864421e-09
124 3.177331e-09
125 2.053330e-09
126 1.342226e-09
127 8.951950e-10
128 6.103009e-10
129 4.205620e-10
130 2.876648e-10
131 1.917554e-10
132 1.227487e-10
133 7.474768e-11
134 4.313963e-11
135 0.000000e+00
136 0.000000e+00
137 0.000000e+00
138 0.000000e+00
139 0.000000e+00
140 1.548886e-08
141 1.150344e-08
142 8.218978e-09
143 5.651757e-09
144 3.705224e-09
145 2.388014e-09
146 1.555807e-09
147 1.032373e-09
148 7.011366e-10
149 4.828500e-10
150 3.310591e-10
151 2.218282e-10
152 1.430151e-10
153 8.779815e-11
154 5.108454e-11
155 0.000000e+00
156 0.000000e+00
157 0.000000e+00
158 0.000000e+00
159 0.000000e+00
160 1.725242e-08
161 1.287595e-08
162 9.232989e-09
163 6.378551e-09
164 4.191938e-09
165 2.696637e-09
166 1.752779e-09
167 1.158882e-09
168 7.851758e-10
169 5.402968e-10
170 3.710864e-10
171 2.495713e-10
172 1.617108e-10
173 9.983930e-11
174 5.841374e-11
175 0.000000e+00
176 0.000000e+00
177 0.000000e+00
178 0.000000e+00
179 0.000000e+00
180 1.906841e-08
181 1.444837e-08
182 1.046185e-08
183 7.308891e-09
184 4.881518e-09
185 3.144018e-09
186 2.035139e-09
187 1.332731e-09
188 8.937058e-10
189 6.103425e-10
190 4.184012e-10
191 2.826306e-10
192 1.849972e-10
193 1.158982e-10
194 6.900745e-11
195 0.000000e+00
196 0.000000e+00
197 0.000000e+00
198 0.000000e+00
199 0.000000e+00
200 2.316068e-08
201 1.782789e-08
202 1.304967e-08
203 9.209893e-09
204 6.231410e-09
205 4.027206e-09
206 2.591996e-09
207 1.684218e-09
208 1.118736e-09
209 7.588798e-10
210 5.195675e-10
211 3.526336e-10
212 2.330983e-10
213 1.480151e-10
214 8.950706e-11
215 0.000000e+00
216 0.000000e+00
217 0.000000e+00
218 0.000000e+00
219 0.000000e+00
220 2.695596e-08
221 2.096897e-08
222 1.545490e-08
223 1.097755e-08
224 7.486247e-09
225 4.849869e-09
226 3.109938e-09
227 2.011448e-09
228 1.328010e-09
229 8.969133e-10
230 6.135833e-10
231 4.176810e-10
232 2.777953e-10
233 1.778733e-10
234 1.085757e-10
235 0.000000e+00
236 0.000000e+00
237 0.000000e+00
238 0.000000e+00
239 0.000000e+00
240 3.011000e-08
241 2.386013e-08
242 1.784513e-08
243 1.279170e-08
244 8.836233e-09
245 5.813910e-09
246 3.716831e-09
247 2.395197e-09
248 1.563425e-09
249 1.044360e-09
250 7.090935e-10
251 4.819319e-10
252 3.220484e-10
253 2.083390e-10
254 1.290534e-10
255 0.000000e+00
256 0.000000e+00
257 0.000000e+00
258 0.000000e+00
259 0.000000e+00
260 3.713409e-08
261 3.006065e-08
262 2.285062e-08
263 1.656930e-08
264 1.159030e-08
265 7.733409e-09
266 4.940674e-09
267 3.165712e-09
268 2.043196e-09
269 1.349880e-09
270 9.097765e-10
271 6.176192e-10
272 4.150038e-10
273 2.714612e-10
274 1.706967e-10
275 0.000000e+00
276 0.000000e+00
277 0.000000e+00
278 0.000000e+00
279 0.000000e+00
280 5.010321e-08
281 4.226434e-08
282 3.336145e-08
283 2.486275e-08
284 1.776753e-08
285 1.220887e-08
286 7.971221e-09
287 5.060356e-09
288 3.224843e-09
289 2.079162e-09
290 1.369222e-09
291 9.163000e-10
292 6.146530e-10
293 4.064346e-10
294 2.611184e-10
295 0.000000e+00
296 0.000000e+00
297 0.000000e+00
298 0.000000e+00
299 0.000000e+00
300 1.478604e-06
301 1.144923e-06
302 8.653427e-07
303 6.314282e-07
304 4.110770e-07
305 2.607175e-07
306 1.630690e-07
307 1.040075e-07
308 0.000000e+00
309 0.000000e+00
310 0.000000e+00
311 0.000000e+00
312 0.000000e+00
313 0.000000e+00
314 0.000000e+00
315 0.000000e+00
316 0.000000e+00
317 0.000000e+00
318 0.000000e+00
319 0.000000e+00
320 1.815212e-06
321 1.409590e-06
322 1.065062e-06
323 7.806226e-07
324 5.104312e-07
325 3.234003e-07
326 2.022865e-07
327 1.287852e-07
328 0.000000e+00
329 0.000000e+00
330 0.000000e+00
331 0.000000e+00
332 0.000000e+00
333 0.000000e+00
334 0.000000e+00
335 0.000000e+00
336 0.000000e+00
337 0.000000e+00
338 0.000000e+00
339 0.000000e+00
340 2.125930e-06
341 1.653890e-06
342 1.249410e-06
343 9.183317e-07
344 6.021390e-07
345 3.812603e-07
346 2.384832e-07
347 1.516557e-07
348 0.000000e+00
349 0.000000e+00
350 0.000000e+00
351 0.000000e+00
352 0.000000e+00
353 0.000000e+00
354 0.000000e+00
355 0.000000e+00
356 0.000000e+00
357 0.000000e+00
358 0.000000e+00
359 0.000000e+00
360 9.418521e-07
361 8.398146e-07
362 6.605525e-07
363 4.957180e-07
364 3.799016e-07
365 2.490241e-07
366 1.579312e-07
367 9.681389e-08
368 6.002339e-08
369 0.000000e+00
370 0.000000e+00
371 0.000000e+00
372 0.000000e+00
373 0.000000e+00
374 0.000000e+00
375 0.000000e+00
376 0.000000e+00
377 0.000000e+00
378 0.000000e+00
379 0.000000e+00
380 1.308789e-06
381 1.172300e-06
382 9.254350e-07
383 6.942284e-07
384 5.324000e-07
385 3.516072e-07
386 2.222674e-07
387 1.364382e-07
388 8.451851e-08
389 0.000000e+00
390 0.000000e+00
391 0.000000e+00
392 0.000000e+00
393 0.000000e+00
394 0.000000e+00
395 0.000000e+00
396 0.000000e+00
397 0.000000e+00
398 0.000000e+00
399 0.000000e+00
400 3.711382e-07
401 3.674737e-07
402 3.207089e-07
403 2.469767e-07
404 1.854143e-07
405 1.424017e-07
406 8.804130e-08
407 5.712906e-08
408 3.424579e-08
409 2.082664e-08
410 0.000000e+00
411 0.000000e+00
412 0.000000e+00
413 0.000000e+00
414 0.000000e+00
415 0.000000e+00
416 0.000000e+00
417 0.000000e+00
418 0.000000e+00
419 0.000000e+00
420 7.346362e-07
421 7.317846e-07
422 6.437698e-07
423 4.986030e-07
424 3.736134e-07
425 2.877921e-07
426 1.802539e-07
427 1.164877e-07
428 6.970935e-08
429 4.238101e-08
430 0.000000e+00
431 0.000000e+00
432 0.000000e+00
433 0.000000e+00
434 0.000000e+00
435 0.000000e+00
436 0.000000e+00
437 0.000000e+00
438 0.000000e+00
439 0.000000e+00
440 3.978478e-07
441 4.201975e-07
442 4.004891e-07
443 3.331227e-07
444 2.498854e-07
445 1.909847e-07
446 1.397095e-07
447 8.332379e-08
448 5.213339e-08
449 3.136052e-08
450 0.000000e+00
451 0.000000e+00
452 0.000000e+00
453 0.000000e+00
454 0.000000e+00
455 0.000000e+00
456 0.000000e+00
457 0.000000e+00
458 0.000000e+00
459 0.000000e+00
460 2.102455e-04
461 1.624875e-04
462 1.229563e-04
463 9.148483e-05
464 5.894505e-05
465 3.766686e-05
466 2.337989e-05
467 1.485024e-05
468 0.000000e+00
469 0.000000e+00
470 0.000000e+00
471 0.000000e+00
472 0.000000e+00
473 0.000000e+00
474 0.000000e+00
475 0.000000e+00
476 0.000000e+00
477 0.000000e+00
478 0.000000e+00
479 0.000000e+00
480 1.041956e-04
481 9.373824e-05
482 7.397727e-05
483 5.528787e-05
484 4.275592e-05
485 2.810614e-05
486 1.789684e-05
487 1.089066e-05
488 6.745405e-06
489 0.000000e+00
490 0.000000e+00
491 0.000000e+00
492 0.000000e+00
493 0.000000e+00
494 0.000000e+00
495 0.000000e+00
496 0.000000e+00
497 0.000000e+00
498 0.000000e+00
499 0.000000e+00
500 5.981369e-05
501 5.981587e-05
502 5.283045e-05
503 4.094650e-05
504 3.060588e-05
505 2.373412e-05
506 1.480459e-05
507 9.660187e-06
508 5.756492e-06
509 3.488929e-06
510 0.000000e+00
511 0.000000e+00
512 0.000000e+00
513 0.000000e+00
514 0.000000e+00
515 0.000000e+00
516 0.000000e+00
517 0.000000e+00
518 0.000000e+00
519 0.000000e+00
520 3.912566e-05
521 4.145491e-05
522 3.968123e-05
523 3.313579e-05
524 2.485881e-05
525 1.896710e-05
526 1.401176e-05
527 8.279302e-06
528 5.207751e-06
529 3.129717e-06
530 0.000000e+00
531 0.000000e+00
532 0.000000e+00
533 0.000000e+00
534 0.000000e+00
535 0.000000e+00
536 0.000000e+00
537 0.000000e+00
538 0.000000e+00
539 0.000000e+00
540 2.813903e-05
541 3.088717e-05
542 3.112850e-05
543 2.772327e-05
544 2.157056e-05
545 1.607198e-05
546 1.253966e-05
547 7.821990e-06
548 5.106370e-06
549 2.977306e-06
550 1.752993e-06
551 0.000000e+00
552 0.000000e+00
553 0.000000e+00
554 0.000000e+00
555 0.000000e+00
556 0.000000e+00
557 0.000000e+00
558 0.000000e+00
559 0.000000e+00
560 7.495565e+03
561 3.734425e+03
562 1.782409e+03
563 7.219014e+02
564 1.707398e+02
565 1.110968e+04
566 5.062853e+03
567 2.165472e+03
568 7.563291e+02
569 1.448714e+02
570 1.062992e+04
571 4.370013e+03
572 1.648664e+03
573 4.871493e+02
574 7.371610e+01
575 2.886014e-08
576 1.983426e-08
577 1.309421e-08
578 8.260130e-09
579 5.102418e-09
580 3.494706e-08
581 2.379302e-08
582 1.530312e-08
583 9.574006e-09
584 5.806947e-09
585 4.238558e-08
586 2.826174e-08
587 1.783549e-08
588 1.104723e-08
589 6.589584e-09
590 5.204468e-08
591 3.368885e-08
592 2.103858e-08
593 1.274888e-08
594 7.528781e-09
595 6.460248e-08
596 4.068820e-08
597 2.507083e-08
598 1.492121e-08
599 8.670392e-09
600 3.573294e-08
601 2.457317e-08
602 1.625752e-08
603 1.025809e-08
604 6.344208e-09
605 4.325705e-08
606 2.951300e-08
607 1.900122e-08
608 1.189832e-08
609 7.221512e-09
610 5.249437e-08
611 3.508209e-08
612 2.214859e-08
613 1.373580e-08
614 8.197687e-09
615 6.451954e-08
616 4.182973e-08
617 2.614327e-08
618 1.585367e-08
619 9.369273e-09
620 8.017738e-08
621 5.053337e-08
622 3.116675e-08
623 1.856382e-08
624 1.079289e-08
625 4.208520e-08
626 2.895282e-08
627 1.917798e-08
628 1.210267e-08
629 7.490671e-09
630 5.093744e-08
631 3.479387e-08
632 2.241543e-08
633 1.404420e-08
634 8.527485e-09
635 6.182714e-08
636 4.137886e-08
637 2.613059e-08
638 1.621798e-08
639 9.682341e-09
640 7.603674e-08
641 4.934565e-08
642 3.085610e-08
643 1.872011e-08
644 1.106848e-08
645 9.455664e-08
646 5.962275e-08
647 3.679471e-08
648 2.192681e-08
649 1.275245e-08
650 2.821543e-08
651 1.871027e-08
652 1.276557e-08
653 8.582119e-09
654 5.370835e-09
655 3.374389e-08
656 2.237249e-08
657 1.543033e-08
658 9.995812e-09
659 6.233087e-09
660 4.015371e-08
661 2.702505e-08
662 1.843822e-08
663 1.158783e-08
664 7.201164e-09
665 4.860178e-08
666 3.334165e-08
667 2.194186e-08
668 1.365704e-08
669 8.283272e-09
670 6.083431e-08
671 4.171224e-08
672 2.634079e-08
673 1.625649e-08
674 9.684601e-09
675 3.990992e-08
676 2.647115e-08
677 1.803228e-08
678 1.214604e-08
679 7.602034e-09
680 4.775022e-08
681 3.162336e-08
682 2.180223e-08
683 1.415157e-08
684 8.826597e-09
685 5.681354e-08
686 3.816410e-08
687 2.607632e-08
688 1.640646e-08
689 1.019963e-08
690 6.870816e-08
691 4.707511e-08
692 3.106421e-08
693 1.933564e-08
694 1.173277e-08
695 8.589418e-08
696 5.896628e-08
697 3.730199e-08
698 2.301557e-08
699 1.372203e-08
700 1.609543e-08
701 1.126002e-08
702 7.286869e-09
703 4.951246e-09
704 3.287744e-09
705 1.978169e-08
706 1.330512e-08
707 8.652874e-09
708 5.968765e-09
709 3.774268e-09
710 2.393566e-08
711 1.562772e-08
712 1.040828e-08
713 7.064101e-09
714 4.315861e-09
715 2.889034e-08
716 1.865086e-08
717 1.277036e-08
718 8.249217e-09
719 5.049992e-09
720 3.509084e-08
721 2.304190e-08
722 1.578512e-08
723 9.716928e-09
724 5.991645e-09
725 3.287719e-08
726 2.309483e-08
727 1.494502e-08
728 1.012183e-08
729 6.745696e-09
730 4.046225e-08
731 2.730438e-08
732 1.771493e-08
733 1.220437e-08
734 7.743461e-09
735 4.902193e-08
736 3.205432e-08
737 2.126420e-08
738 1.446396e-08
739 8.850353e-09
740 5.922489e-08
741 3.818084e-08
742 2.606368e-08
743 1.691943e-08
744 1.035731e-08
745 7.193367e-08
746 4.703691e-08
747 3.227426e-08
748 1.993925e-08
749 1.229045e-08
