0 4.946271e-09
1 3.490009e-09
2 2.374817e-09
3 1.563224e-09
4 1.021753e-09
5 6.768965e-10
6 4.570029e-10
7 3.140791e-10
8 2.167210e-10
9 1.475822e-10
10 9.752480e-11
11 6.174397e-11
12 3.716929e-11
13 2.123235e-11
14 1.154229e-11
15 0.000000e+00
16 0.000000e+00
17 0.000000e+00
18 0.000000e+00
19 0.000000e+00
20 8.127744e-09
21 5.860301e-09
22 4.075274e-09
23 2.723707e-09
24 1.770884e-09
25 1.157517e-09
26 7.682821e-10
27 5.211229e-10
28 3.586427e-10
29 2.465477e-10
30 1.662330e-10
31 1.082109e-10
32 6.724664e-11
33 3.966714e-11
34 2.220640e-11
35 0.000000e+00
36 0.000000e+00
37 0.000000e+00
38 0.000000e+00
39 0.000000e+00
40 9.252265e-09
41 6.711280e-09
42 4.693022e-09
43 3.153544e-09
44 2.051008e-09
45 1.336175e-09
46 8.831186e-10
47 5.965009e-10
48 4.096774e-10
49 2.819915e-10
50 1.909421e-10
51 1.251062e-10
52 7.836491e-11
53 4.661431e-11
54 2.630241e-11
55 0.000000e+00
56 0.000000e+00
57 0.000000e+00
58 0.000000e+00
59 0.000000e+00
60 9.943783e-09
61 7.233001e-09
62 5.072580e-09
63 3.417600e-09
64 2.223216e-09
65 1.446009e-09
66 9.536975e-10
67 6.428598e-10
68 4.410653e-10
69 3.037389e-10
70 2.060985e-10
71 1.354680e-10
72 8.518716e-11
73 5.087625e-11
74 2.881561e-11
75 0.000000e+00
76 0.000000e+00
77 0.000000e+00
78 0.000000e+00
79 0.000000e+00
80 1.054684e-08
81 7.689179e-09
82 5.404323e-09
83 3.647835e-09
84 2.373289e-09
85 1.541749e-09
86 1.015324e-09
87 6.832299e-10
88 4.683869e-10
89 3.226786e-10
90 2.193149e-10
91 1.445142e-10
92 9.113903e-11
93 5.460249e-11
94 3.101241e-11
95 0.000000e+00
96 0.000000e+00
97 0.000000e+00
98 0.000000e+00
99 0.000000e+00
100 1.681531e-08
101 1.261824e-08
102 9.075690e-09
103 6.293793e-09
104 4.168604e-09
105 2.685019e-09
106 1.743463e-09
107 1.148515e-09
108 7.745678e-10
109 5.307598e-10
110 3.636774e-10
111 2.445939e-10
112 1.588854e-10
113 9.856298e-11
114 5.804630e-11
115 0.000000e+00
116 0.000000e+00
117 0.000000e+00
118 0.000000e+00
119 0.000000e+00
120 2.119951e-08
121 1.618885e-08
122 1.178956e-08
123 8.278061e-09
124 5.562948e-09
125 3.588132e-09
126 2.314939e-09
127 1.509549e-09
128 1.007228e-09
129 6.855026e-10
130 4.696927e-10
131 3.180610e-10
132 2.092200e-10
133 1.319485e-10
134 7.915562e-11
135 0.000000e+00
136 0.000000e+00
137 0.000000e+00
138 0.000000e+00
139 0.000000e+00
140 2.393889e-08
141 1.843131e-08
142 1.349533e-08
143 9.528800e-09
144 6.442613e-09
145 4.160766e-09
146 2.676590e-09
147 1.738264e-09
148 1.154327e-09
149 7.831549e-10
150 5.364263e-10
151 3.642607e-10
152 2.408805e-10
153 1.529755e-10
154 9.248836e-11
155 0.000000e+00
156 0.000000e+00
157 0.000000e+00
158 0.000000e+00
159 0.000000e+00
160 2.633375e-08
161 2.038978e-08
162 1.498426e-08
163 1.062001e-08
164 7.210922e-09
165 4.660011e-09
166 2.992068e-09
167 1.937855e-09
168 1.282672e-09
169 8.683096e-10
170 5.946087e-10
171 4.045526e-10
172 2.684941e-10
173 1.713159e-10
174 1.041094e-10
175 0.000000e+00
176 0.000000e+00
177 0.000000e+00
178 0.000000e+00
179 0.000000e+00
180 2.923840e-08
181 2.309571e-08
182 1.723475e-08
183 1.233304e-08
184 8.501873e-09
185 5.582317e-09
186 3.569806e-09
187 2.301744e-09
188 1.504766e-09
189 1.006580e-09
190 6.839871e-10
191 4.647705e-10
192 3.102004e-10
193 2.002576e-10
194 1.237133e-10
195 0.000000e+00
196 0.000000e+00
197 0.000000e+00
198 0.000000e+00
199 0.000000e+00
200 3.489986e-08
201 2.807889e-08
202 2.124422e-08
203 1.535850e-08
204 1.070293e-08
205 7.112088e-09
206 4.543837e-09
207 2.915333e-09
208 1.887226e-09
209 1.250454e-09
210 8.443954e-10
211 5.733559e-10
212 3.845987e-10
213 2.507329e-10
214 1.569540e-10
215 0.000000e+00
216 0.000000e+00
217 0.000000e+00
218 0.000000e+00
219 0.000000e+00
220 3.985980e-08
221 3.244410e-08
222 2.476264e-08
223 1.800704e-08
224 1.263525e-08
225 8.455211e-09
226 5.400216e-09
227 3.454456e-09
228 2.223337e-09
229 1.464670e-09
230 9.851525e-10
231 6.685561e-10
232 4.498058e-10
233 2.949736e-10
234 1.860983e-10
235 0.000000e+00
236 0.000000e+00
237 0.000000e+00
238 0.000000e+00
239 0.000000e+00
240 4.412765e-08
241 3.660911e-08
242 2.845360e-08
243 2.095675e-08
244 1.484202e-08
245 1.008679e-08
246 6.518350e-09
247 4.145607e-09
248 2.653523e-09
249 1.727189e-09
250 1.148209e-09
251 7.734656e-10
252 5.196869e-10
253 3.424582e-10
254 2.182897e-10
255 0.000000e+00
256 0.000000e+00
257 0.000000e+00
258 0.000000e+00
259 0.000000e+00
260 5.281552e-08
261 4.474971e-08
262 3.544387e-08
263 2.646724e-08
264 1.894367e-08
265 1.304831e-08
266 8.524910e-09
267 5.399443e-09
268 3.437215e-09
269 2.210625e-09
270 1.453157e-09
271 9.718636e-10
272 6.522994e-10
273 4.320368e-10
274 2.782084e-10
275 0.000000e+00
276 0.000000e+00
277 0.000000e+00
278 0.000000e+00
279 0.000000e+00
280 6.740592e-08
281 5.916047e-08
282 4.857341e-08
283 3.738701e-08
284 2.732691e-08
285 1.921602e-08
286 1.291106e-08
287 8.245860e-09
288 5.202622e-09
289 3.289495e-09
290 2.113459e-09
291 1.384363e-09
292 9.176698e-10
293 6.070267e-10
294 3.946037e-10
295 0.000000e+00
296 0.000000e+00
297 0.000000e+00
298 0.000000e+00
299 0.000000e+00
300 9.242348e-07
301 6.989462e-07
302 5.319545e-07
303 3.683100e-07
304 2.323492e-07
305 1.474680e-07
306 9.297000e-08
307 0.000000e+00
308 0.000000e+00
309 0.000000e+00
310 0.000000e+00
311 0.000000e+00
312 0.000000e+00
313 0.000000e+00
314 0.000000e+00
315 0.000000e+00
316 0.000000e+00
317 0.000000e+00
318 0.000000e+00
319 0.000000e+00
320 1.129443e-06
321 8.544792e-07
322 6.504768e-07
323 4.525266e-07
324 2.852604e-07
325 1.812610e-07
326 1.141518e-07
327 0.000000e+00
328 0.000000e+00
329 0.000000e+00
330 0.000000e+00
331 0.000000e+00
332 0.000000e+00
333 0.000000e+00
334 0.000000e+00
335 0.000000e+00
336 0.000000e+00
337 0.000000e+00
338 0.000000e+00
339 0.000000e+00
340 1.255605e-06
341 9.501111e-07
342 7.233475e-07
343 5.043069e-07
344 3.177914e-07
345 2.020374e-07
346 1.271760e-07
347 0.000000e+00
348 0.000000e+00
349 0.000000e+00
350 0.000000e+00
351 0.000000e+00
352 0.000000e+00
353 0.000000e+00
354 0.000000e+00
355 0.000000e+00
356 0.000000e+00
357 0.000000e+00
358 0.000000e+00
359 0.000000e+00
360 1.365674e-06
361 1.033542e-06
362 7.869154e-07
363 5.494789e-07
364 3.461699e-07
365 2.201631e-07
366 1.385374e-07
367 0.000000e+00
368 0.000000e+00
369 0.000000e+00
370 0.000000e+00
371 0.000000e+00
372 0.000000e+00
373 0.000000e+00
374 0.000000e+00
375 0.000000e+00
376 0.000000e+00
377 0.000000e+00
378 0.000000e+00
379 0.000000e+00
380 6.213559e-07
381 4.932075e-07
382 3.700970e-07
383 2.845064e-07
384 1.905422e-07
385 1.207493e-07
386 7.495514e-08
387 4.702751e-08
388 0.000000e+00
389 0.000000e+00
390 0.000000e+00
391 0.000000e+00
392 0.000000e+00
393 0.000000e+00
394 0.000000e+00
395 0.000000e+00
396 0.000000e+00
397 0.000000e+00
398 0.000000e+00
399 0.000000e+00
400 8.760346e-07
401 6.981881e-07
402 5.239066e-07
403 4.027692e-07
404 2.719215e-07
405 1.717191e-07
406 1.068269e-07
407 6.695129e-08
408 0.000000e+00
409 0.000000e+00
410 0.000000e+00
411 0.000000e+00
412 0.000000e+00
413 0.000000e+00
414 0.000000e+00
415 0.000000e+00
416 0.000000e+00
417 0.000000e+00
418 0.000000e+00
419 0.000000e+00
420 1.032534e-06
421 8.241499e-07
422 6.184256e-07
423 4.754445e-07
424 3.219287e-07
425 2.030398e-07
426 1.264120e-07
427 7.919438e-08
428 0.000000e+00
429 0.000000e+00
430 0.000000e+00
431 0.000000e+00
432 0.000000e+00
433 0.000000e+00
434 0.000000e+00
435 0.000000e+00
436 0.000000e+00
437 0.000000e+00
438 0.000000e+00
439 0.000000e+00
440 1.169065e-06
441 9.340361e-07
442 7.008758e-07
443 5.388459e-07
444 3.655538e-07
445 2.303644e-07
446 1.434978e-07
447 8.987472e-08
448 0.000000e+00
449 0.000000e+00
450 0.000000e+00
451 0.000000e+00
452 0.000000e+00
453 0.000000e+00
454 0.000000e+00
455 0.000000e+00
456 0.000000e+00
457 0.000000e+00
458 0.000000e+00
459 0.000000e+00
460 6.250207e-07
461 5.419684e-07
462 4.166875e-07
463 3.137702e-07
464 2.394574e-07
465 1.490434e-07
466 9.686833e-08
467 5.903269e-08
468 3.671779e-08
469 0.000000e+00
470 0.000000e+00
471 0.000000e+00
472 0.000000e+00
473 0.000000e+00
474 0.000000e+00
475 0.000000e+00
476 0.000000e+00
477 0.000000e+00
478 0.000000e+00
479 0.000000e+00
480 7.974243e-07
481 6.929209e-07
482 5.334519e-07
483 4.014542e-07
484 3.067670e-07
485 1.914088e-07
486 1.243552e-07
487 7.574168e-08
488 4.709423e-08
489 0.000000e+00
490 0.000000e+00
491 0.000000e+00
492 0.000000e+00
493 0.000000e+00
494 0.000000e+00
495 0.000000e+00
496 0.000000e+00
497 0.000000e+00
498 0.000000e+00
499 0.000000e+00
500 9.478113e-07
501 8.246030e-07
502 6.353087e-07
503 4.779427e-07
504 3.654819e-07
505 2.283664e-07
506 1.483333e-07
507 9.031788e-08
508 5.614616e-08
509 0.000000e+00
510 0.000000e+00
511 0.000000e+00
512 0.000000e+00
513 0.000000e+00
514 0.000000e+00
515 0.000000e+00
516 0.000000e+00
517 0.000000e+00
518 0.000000e+00
519 0.000000e+00
520 4.178862e-07
521 3.887313e-07
522 3.158096e-07
523 2.358880e-07
524 1.818916e-07
525 1.274365e-07
526 7.840882e-08
527 4.842968e-08
528 2.987925e-08
529 0.000000e+00
530 0.000000e+00
531 0.000000e+00
532 0.000000e+00
533 0.000000e+00
534 0.000000e+00
535 0.000000e+00
536 0.000000e+00
537 0.000000e+00
538 0.000000e+00
539 0.000000e+00
540 5.966767e-07
541 5.564351e-07
542 4.532023e-07
543 3.386829e-07
544 2.609105e-07
545 1.837223e-07
546 1.127325e-07
547 6.981690e-08
548 4.303979e-08
549 0.000000e+00
550 0.000000e+00
551 0.000000e+00
552 0.000000e+00
553 0.000000e+00
554 0.000000e+00
555 0.000000e+00
556 0.000000e+00
557 0.000000e+00
558 0.000000e+00
559 0.000000e+00
560 7.525735e-07
561 7.026511e-07
562 5.729915e-07
563 4.283057e-07
564 3.298053e-07
565 2.327942e-07
566 1.426571e-07
567 8.846285e-08
568 5.451342e-08
569 0.000000e+00
570 0.000000e+00
571 0.000000e+00
572 0.000000e+00
573 0.000000e+00
574 0.000000e+00
575 0.000000e+00
576 0.000000e+00
577 0.000000e+00
578 0.000000e+00
579 0.000000e+00
580 2.588735e-07
581 2.533830e-07
582 2.177538e-07
583 1.658842e-07
584 1.250628e-07
585 9.540897e-08
586 5.752816e-08
587 3.754614e-08
588 2.263064e-08
589 1.376090e-08
590 0.000000e+00
591 0.000000e+00
592 0.000000e+00
593 0.000000e+00
594 0.000000e+00
595 0.000000e+00
596 0.000000e+00
597 0.000000e+00
598 0.000000e+00
599 0.000000e+00
600 4.392206e-07
601 4.312385e-07
602 3.720614e-07
603 2.840996e-07
604 2.138926e-07
605 1.636514e-07
606 9.907746e-08
607 6.472936e-08
608 3.894252e-08
609 2.365719e-08
610 0.000000e+00
611 0.000000e+00
612 0.000000e+00
613 0.000000e+00
614 0.000000e+00
615 0.000000e+00
616 0.000000e+00
617 0.000000e+00
618 0.000000e+00
619 0.000000e+00
620 5.961780e-07
621 5.860265e-07
622 5.063530e-07
623 3.869814e-07
624 2.912016e-07
625 2.230380e-07
626 1.352375e-07
627 8.838404e-08
628 5.313759e-08
629 3.226955e-08
630 0.000000e+00
631 0.000000e+00
632 0.000000e+00
633 0.000000e+00
634 0.000000e+00
635 0.000000e+00
636 0.000000e+00
637 0.000000e+00
638 0.000000e+00
639 0.000000e+00
640 3.182207e-07
641 3.243304e-07
642 2.938464e-07
643 2.323071e-07
644 1.728857e-07
645 1.345018e-07
646 8.817277e-08
647 5.618307e-08
648 3.337954e-08
649 2.030063e-08
650 0.000000e+00
651 0.000000e+00
652 0.000000e+00
653 0.000000e+00
654 0.000000e+00
655 0.000000e+00
656 0.000000e+00
657 0.000000e+00
658 0.000000e+00
659 0.000000e+00
660 4.740118e-07
661 4.836898e-07
662 4.389579e-07
663 3.475374e-07
664 2.586171e-07
665 2.011557e-07
666 1.323648e-07
667 8.413704e-08
668 5.001121e-08
669 3.042101e-08
670 0.000000e+00
671 0.000000e+00
672 0.000000e+00
673 0.000000e+00
674 0.000000e+00
675 0.000000e+00
676 0.000000e+00
677 0.000000e+00
678 0.000000e+00
679 0.000000e+00
680 2.249488e-07
681 2.357359e-07
682 2.221063e-07
683 1.822889e-07
684 1.360643e-07
685 1.046319e-07
686 7.489497e-08
687 4.499390e-08
688 2.758656e-08
689 1.669948e-08
690 0.000000e+00
691 0.000000e+00
692 0.000000e+00
693 0.000000e+00
694 0.000000e+00
695 0.000000e+00
696 0.000000e+00
697 0.000000e+00
698 0.000000e+00
699 0.000000e+00
700 3.785494e-07
701 3.972275e-07
702 3.749826e-07
703 3.084025e-07
704 2.303294e-07
705 1.769534e-07
706 1.271712e-07
707 7.622470e-08
708 4.687909e-08
709 2.835339e-08
710 0.000000e+00
711 0.000000e+00
712 0.000000e+00
713 0.000000e+00
714 0.000000e+00
715 0.000000e+00
716 0.000000e+00
717 0.000000e+00
718 0.000000e+00
719 0.000000e+00
720 1.521295e-07
721 1.628611e-07
722 1.582573e-07
723 1.345171e-07
724 1.016815e-07
725 7.696666e-08
726 5.825329e-08
727 3.433275e-08
728 2.213579e-08
729 1.319252e-08
730 7.817692e-09
731 0.000000e+00
732 0.000000e+00
733 0.000000e+00
734 0.000000e+00
735 0.000000e+00
736 0.000000e+00
737 0.000000e+00
738 0.000000e+00
739 0.000000e+00
740 3.032619e-07
741 3.251783e-07
742 3.167307e-07
743 2.700013e-07
744 2.043990e-07
745 1.545297e-07
746 1.173174e-07
747 6.924071e-08
748 4.478088e-08
749 2.665138e-08
750 1.576086e-08
751 0.000000e+00
752 0.000000e+00
753 0.000000e+00
754 0.000000e+00
755 0.000000e+00
756 0.000000e+00
757 0.000000e+00
758 0.000000e+00
759 0.000000e+00
760 2.431394e-07
761 2.652376e-07
762 2.649173e-07
763 2.331447e-07
764 1.798758e-07
765 1.344414e-07
766 1.044915e-07
767 6.379865e-08
768 4.187272e-08
769 2.454426e-08
770 1.439238e-08
771 0.000000e+00
772 0.000000e+00
773 0.000000e+00
774 0.000000e+00
775 0.000000e+00
776 0.000000e+00
777 0.000000e+00
778 0.000000e+00
779 0.000000e+00
780 1.945429e-07
781 2.152282e-07
782 2.194021e-07
783 1.984928e-07
784 1.564340e-07
785 1.162853e-07
786 9.074593e-08
787 5.866735e-08
788 3.754557e-08
789 2.182136e-08
790 1.294839e-08
791 0.000000e+00
792 0.000000e+00
793 0.000000e+00
794 0.000000e+00
795 0.000000e+00
796 0.000000e+00
797 0.000000e+00
798 0.000000e+00
799 0.000000e+00
800 1.130838e-04
801 8.498946e-05
802 6.541132e-05
803 4.539663e-05
804 2.849258e-05
805 1.799352e-05
806 1.135466e-05
807 0.000000e+00
808 0.000000e+00
809 0.000000e+00
810 0.000000e+00
811 0.000000e+00
812 0.000000e+00
813 0.000000e+00
814 0.000000e+00
815 0.000000e+00
816 0.000000e+00
817 0.000000e+00
818 0.000000e+00
819 0.000000e+00
820 7.726989e-05
821 6.158150e-05
822 4.600191e-05
823 3.564874e-05
824 2.403985e-05
825 1.522727e-05
826 9.380364e-06
827 5.889184e-06
828 0.000000e+00
829 0.000000e+00
830 0.000000e+00
831 0.000000e+00
832 0.000000e+00
833 0.000000e+00
834 0.000000e+00
835 0.000000e+00
836 0.000000e+00
837 0.000000e+00
838 0.000000e+00
839 0.000000e+00
840 5.467270e-05
841 4.762364e-05
842 3.660646e-05
843 2.748207e-05
844 2.119947e-05
845 1.305574e-05
846 8.601127e-06
847 5.220963e-06
848 3.231392e-06
849 0.000000e+00
850 0.000000e+00
851 0.000000e+00
852 0.000000e+00
853 0.000000e+00
854 0.000000e+00
855 0.000000e+00
856 0.000000e+00
857 0.000000e+00
858 0.000000e+00
859 0.000000e+00
860 4.024629e-05
861 3.765123e-05
862 3.070771e-05
863 2.290303e-05
864 1.765985e-05
865 1.251775e-05
866 7.626089e-06
867 4.702594e-06
868 2.906539e-06
869 0.000000e+00
870 0.000000e+00
871 0.000000e+00
872 0.000000e+00
873 0.000000e+00
874 0.000000e+00
875 0.000000e+00
876 0.000000e+00
877 0.000000e+00
878 0.000000e+00
879 0.000000e+00
880 3.084910e-05
881 3.037971e-05
882 2.628358e-05
883 2.006962e-05
884 1.508236e-05
885 1.161699e-05
886 6.981774e-06
887 4.606036e-06
888 2.767820e-06
889 1.671668e-06
890 0.000000e+00
891 0.000000e+00
892 0.000000e+00
893 0.000000e+00
894 0.000000e+00
895 0.000000e+00
896 0.000000e+00
897 0.000000e+00
898 0.000000e+00
899 0.000000e+00
900 2.451301e-05
901 2.505293e-05
902 2.277394e-05
903 1.803550e-05
904 1.340289e-05
905 1.044610e-05
906 6.877508e-06
907 4.382557e-06
908 2.591527e-06
909 1.580439e-06
910 0.000000e+00
911 0.000000e+00
912 0.000000e+00
913 0.000000e+00
914 0.000000e+00
915 0.000000e+00
916 0.000000e+00
917 0.000000e+00
918 0.000000e+00
919 0.000000e+00
920 2.008444e-05
921 2.110409e-05
922 1.995589e-05
923 1.642914e-05
924 1.226080e-05
925 9.418014e-06
926 6.798955e-06
927 4.052167e-06
928 2.489001e-06
929 1.506103e-06
930 0.000000e+00
931 0.000000e+00
932 0.000000e+00
933 0.000000e+00
934 0.000000e+00
935 0.000000e+00
936 0.000000e+00
937 0.000000e+00
938 0.000000e+00
939 0.000000e+00
940 1.688206e-05
941 1.812381e-05
942 1.768147e-05
943 1.509449e-05
944 1.142590e-05
945 8.630361e-06
946 6.578562e-06
947 3.862945e-06
948 2.511074e-06
949 1.494171e-06
950 8.801635e-07
951 0.000000e+00
952 0.000000e+00
953 0.000000e+00
954 0.000000e+00
955 0.000000e+00
956 0.000000e+00
957 0.000000e+00
958 0.000000e+00
959 0.000000e+00
960 1.449441e-05
961 1.582902e-05
962 1.583385e-05
963 1.395795e-05
964 1.077427e-05
965 8.045165e-06
966 6.267759e-06
967 3.823368e-06
968 2.520649e-06
969 1.476124e-06
970 8.636563e-07
971 0.000000e+00
972 0.000000e+00
973 0.000000e+00
974 0.000000e+00
975 0.000000e+00
976 0.000000e+00
977 0.000000e+00
978 0.000000e+00
979 0.000000e+00
980 1.267073e-05
981 1.403232e-05
982 1.432493e-05
983 1.298262e-05
984 1.024183e-05
985 7.607964e-06
986 5.942193e-06
987 3.851355e-06
988 2.465276e-06
989 1.429314e-06
990 8.499945e-07
991 0.000000e+00
992 0.000000e+00
993 0.000000e+00
994 0.000000e+00
995 0.000000e+00
996 0.000000e+00
997 0.000000e+00
998 0.000000e+00
999 0.000000e+00
1000 6.599706e+03
1001 3.025140e+03
1002 1.304201e+03
1003 4.614988e+02
1004 9.079092e+01
1005 9.479702e+03
1006 3.945781e+03
1007 1.513671e+03
1008 4.593430e+02
1009 7.310308e+01
1010 8.792169e+03
1011 3.281471e+03
1012 1.104985e+03
1013 2.832336e+02
1014 3.580543e+01
1015 6.331064e+03
1016 2.099220e+03
1017 6.147485e+02
1018 1.318712e+02
1019 1.310992e+01
1020 2.719068e-08
1021 1.859302e-08
1022 1.221634e-08
1023 7.707435e-09
1024 4.740691e-09
1025 3.304651e-08
1026 2.233565e-08
1027 1.434059e-08
1028 8.948613e-09
1029 5.415727e-09
1030 4.003149e-08
1031 2.650478e-08
1032 1.672810e-08
1033 1.030465e-08
1034 6.146579e-09
1035 4.881076e-08
1036 3.149436e-08
1037 1.963061e-08
1038 1.187760e-08
1039 6.996989e-09
1040 5.989421e-08
1041 3.774570e-08
1042 2.317425e-08
1043 1.379100e-08
1044 8.012022e-09
1045 3.600659e-08
1046 2.464830e-08
1047 1.623480e-08
1048 1.025071e-08
1049 6.313314e-09
1050 4.375195e-08
1051 2.964186e-08
1052 1.906274e-08
1053 1.190961e-08
1054 7.215093e-09
1055 5.302574e-08
1056 3.521261e-08
1057 2.224424e-08
1058 1.372169e-08
1059 8.192101e-09
1060 6.472757e-08
1061 4.185955e-08
1062 2.612001e-08
1063 1.582200e-08
1064 9.329240e-09
1065 7.954529e-08
1066 5.018860e-08
1067 3.085196e-08
1068 1.837980e-08
1069 1.068647e-08
1070 4.143478e-08
1071 2.837651e-08
1072 1.870702e-08
1073 1.181538e-08
1074 7.280828e-09
1075 5.034344e-08
1076 3.414021e-08
1077 2.196789e-08
1078 1.373128e-08
1079 8.322107e-09
1080 6.102630e-08
1081 4.056979e-08
1082 2.563787e-08
1083 1.582393e-08
1084 9.450558e-09
1085 7.452739e-08
1086 4.823640e-08
1087 3.011242e-08
1088 1.824869e-08
1089 1.076410e-08
1090 9.163489e-08
1091 5.784370e-08
1092 3.557545e-08
1093 2.120295e-08
1094 1.233187e-08
1095 4.617016e-08
1096 3.162887e-08
1097 2.086370e-08
1098 1.318035e-08
1099 8.124855e-09
1100 5.609364e-08
1101 3.806442e-08
1102 2.450225e-08
1103 1.532045e-08
1104 9.287829e-09
1105 6.800572e-08
1106 4.524322e-08
1107 2.859836e-08
1108 1.765785e-08
1109 1.054840e-08
1110 8.307642e-08
1111 5.379934e-08
1112 3.359527e-08
1113 2.036565e-08
1114 1.201583e-08
1115 1.021815e-07
1116 6.452175e-08
1117 3.969606e-08
1118 2.366577e-08
1119 1.376727e-08
1120 2.761892e-08
1121 1.840773e-08
1122 1.254141e-08
1123 8.363837e-09
1124 5.256864e-09
1125 3.313736e-08
1126 2.210133e-08
1127 1.512814e-08
1128 9.783449e-09
1129 6.096816e-09
1130 3.947202e-08
1131 2.663788e-08
1132 1.800316e-08
1133 1.135863e-08
1134 7.013133e-09
1135 4.759940e-08
1136 3.252759e-08
1137 2.133604e-08
1138 1.328607e-08
1139 8.058825e-09
1140 5.884355e-08
1141 4.009002e-08
1142 2.542334e-08
1143 1.564456e-08
1144 9.334104e-09
1145 3.749809e-08
1146 2.499307e-08
1147 1.701058e-08
1148 1.136130e-08
1149 7.143398e-09
1150 4.500214e-08
1151 2.998502e-08
1152 2.052442e-08
1153 1.329375e-08
1154 8.286486e-09
1155 5.359355e-08
1156 3.611575e-08
1157 2.444196e-08
1158 1.543528e-08
1159 9.533463e-09
1160 6.458117e-08
1161 4.409860e-08
1162 2.898795e-08
1163 1.805378e-08
1164 1.095621e-08
1165 7.976171e-08
1166 5.440013e-08
1167 3.454785e-08
1168 2.125960e-08
1169 1.269227e-08
1170 4.611743e-08
1171 3.073862e-08
1172 2.090968e-08
1173 1.397659e-08
1174 8.789396e-09
1175 5.535401e-08
1176 3.686314e-08
1177 2.523245e-08
1178 1.635650e-08
1179 1.019696e-08
1180 6.591428e-08
1181 4.438452e-08
1182 3.005972e-08
1183 1.899215e-08
1184 1.173243e-08
1185 7.939694e-08
1186 5.419352e-08
1187 3.566427e-08
1188 2.221359e-08
1189 1.348414e-08
1190 9.801103e-08
1191 6.688514e-08
1192 4.250898e-08
1193 2.615870e-08
1194 1.562221e-08
1195 2.896418e-08
1196 2.027949e-08
1197 1.321412e-08
1198 8.929566e-09
1199 5.897444e-09
1200 3.558854e-08
1201 2.401723e-08
1202 1.569614e-08
1203 1.070796e-08
1204 6.803445e-09
1205 4.292492e-08
1206 2.818603e-08
1207 1.874729e-08
1208 1.261778e-08
1209 7.793854e-09
1210 5.149213e-08
1211 3.340611e-08
1212 2.268199e-08
1213 1.472112e-08
1214 9.031647e-09
1215 6.194900e-08
1216 4.058726e-08
1217 2.765286e-08
1218 1.725039e-08
1219 1.056593e-08
1220 4.135141e-08
1221 2.899127e-08
1222 1.888887e-08
1223 1.275330e-08
1224 8.431369e-09
1225 5.083044e-08
1226 3.433842e-08
1227 2.242387e-08
1228 1.529410e-08
1229 9.727169e-09
1230 6.133218e-08
1231 4.028999e-08
1232 2.676679e-08
1233 1.802857e-08
1234 1.114238e-08
1235 7.359244e-08
1236 4.772307e-08
1237 3.237615e-08
1238 2.104340e-08
1239 1.291155e-08
1240 8.853680e-08
1241 5.793486e-08
1242 3.948927e-08
1243 2.466279e-08
1244 1.510532e-08
1245 1.821975e-08
1246 1.367306e-08
1247 9.154545e-09
1248 5.850399e-09
1249 3.961026e-09
1250 2.283169e-08
1251 1.643455e-08
1252 1.063865e-08
1253 6.927738e-09
1254 4.682002e-09
1255 2.811311e-08
1256 1.937684e-08
1257 1.232460e-08
1258 8.256473e-09
1259 5.421581e-09
1260 3.441042e-08
1261 2.272005e-08
1262 1.451991e-08
1263 9.914595e-09
1264 6.210645e-09
1265 4.205265e-08
1266 2.682312e-08
1267 1.764644e-08
1268 1.187711e-08
1269 7.136136e-09
1270 3.342657e-08
1271 2.512605e-08
1272 1.684547e-08
1273 1.075548e-08
1274 7.279389e-09
1275 4.190899e-08
1276 3.021843e-08
1277 1.957725e-08
1278 1.272727e-08
1279 8.611882e-09
1280 5.163230e-08
1281 3.564568e-08
1282 2.267067e-08
1283 1.516305e-08
1284 9.978085e-09
1285 6.323737e-08
1286 4.180580e-08
1287 2.668448e-08
1288 1.821163e-08
1289 1.142728e-08
1290 7.733319e-08
1291 4.934194e-08
1292 3.239120e-08
1293 2.183094e-08
1294 1.311953e-08
