0 4.188782e-09
1 2.930663e-09
2 1.977700e-09
3 1.297355e-09
4 8.512514e-10
5 5.672544e-10
6 3.856059e-10
7 2.660420e-10
8 1.834633e-10
9 1.243708e-10
10 8.145467e-11
11 5.098873e-11
12 3.031005e-11
13 1.709973e-11
14 9.196066e-12
15 0.000000e+00
16 0.000000e+00
17 0.000000e+00
18 0.000000e+00
19 0.000000e+00
20 6.879301e-09
21 4.917378e-09
22 3.388882e-09
23 2.246266e-09
24 1.460760e-09
25 9.598593e-10
26 6.416157e-10
27 4.380912e-10
28 3.024590e-10
29 2.075957e-10
30 1.390901e-10
31 8.962862e-11
32 5.501620e-11
33 3.202791e-11
34 1.770659e-11
35 0.000000e+00
36 0.000000e+00
37 0.000000e+00
38 0.000000e+00
39 0.000000e+00
40 7.855184e-09
41 5.646850e-09
42 3.914980e-09
43 2.606849e-09
44 1.693562e-09
45 1.108836e-09
46 7.378954e-10
47 5.019521e-10
48 3.461026e-10
49 2.380086e-10
50 1.602597e-10
51 1.040216e-10
52 6.438360e-11
53 3.780084e-11
54 2.106255e-11
55 0.000000e+00
56 0.000000e+00
57 0.000000e+00
58 0.000000e+00
59 0.000000e+00
60 8.462777e-09
61 6.100607e-09
62 4.242159e-09
63 2.831708e-09
64 1.837971e-09
65 1.201696e-09
66 7.976394e-10
67 5.416178e-10
68 3.732177e-10
69 2.569250e-10
70 1.734376e-10
71 1.129741e-10
72 7.021266e-11
73 4.139358e-11
74 2.314554e-11
75 0.000000e+00
76 0.000000e+00
77 0.000000e+00
78 0.000000e+00
79 0.000000e+00
80 9.005872e-09
81 6.506919e-09
82 4.534785e-09
83 3.031757e-09
84 1.967612e-09
85 1.284369e-09
86 8.510887e-10
87 5.770305e-10
88 3.975253e-10
89 2.739103e-10
90 1.851938e-10
91 1.210007e-10
92 7.543526e-11
93 4.461179e-11
94 2.501810e-11
95 0.000000e+00
96 0.000000e+00
97 0.000000e+00
98 0.000000e+00
99 0.000000e+00
100 1.421276e-08
101 1.053471e-08
102 7.509444e-09
103 5.153546e-09
104 3.379940e-09
105 2.181807e-09
106 1.423812e-09
107 9.463753e-10
108 6.432794e-10
109 4.425938e-10
110 3.028822e-10
111 2.023998e-10
112 1.301011e-10
113 7.965220e-11
114 4.624171e-11
115 0.000000e+00
116 0.000000e+00
117 0.000000e+00
118 0.000000e+00
119 0.000000e+00
120 1.801786e-08
121 1.357039e-08
122 9.787530e-09
123 6.808243e-09
124 4.521356e-09
125 2.910547e-09
126 1.887384e-09
127 1.240432e-09
128 8.350148e-10
129 5.718007e-10
130 3.921633e-10
131 2.644031e-10
132 1.723731e-10
133 1.073892e-10
134 6.352473e-11
135 0.000000e+00
136 0.000000e+00
137 0.000000e+00
138 0.000000e+00
139 0.000000e+00
140 2.042762e-08
141 1.549954e-08
142 1.123727e-08
143 7.863058e-09
144 5.250749e-09
145 3.377400e-09
146 2.183783e-09
147 1.428405e-09
148 9.574066e-10
149 6.541196e-10
150 4.489853e-10
151 3.038540e-10
152 1.992881e-10
153 1.250763e-10
154 7.457143e-11
155 0.000000e+00
156 0.000000e+00
157 0.000000e+00
158 0.000000e+00
159 0.000000e+00
160 2.258577e-08
161 1.722914e-08
162 1.253523e-08
163 8.806435e-09
164 5.903842e-09
165 3.795570e-09
166 2.449223e-09
167 1.596768e-09
168 1.066985e-09
169 7.278058e-10
170 4.998549e-10
171 3.391682e-10
172 2.233815e-10
173 1.409118e-10
174 8.446138e-11
175 0.000000e+00
176 0.000000e+00
177 0.000000e+00
178 0.000000e+00
179 0.000000e+00
180 2.509698e-08
181 1.950818e-08
182 1.437965e-08
183 1.020236e-08
184 6.955610e-09
185 4.522131e-09
186 2.901827e-09
187 1.879915e-09
188 1.241184e-09
189 8.375147e-10
190 5.719024e-10
191 3.884481e-10
192 2.578088e-10
193 1.648086e-10
194 1.005254e-10
195 0.000000e+00
196 0.000000e+00
197 0.000000e+00
198 0.000000e+00
199 0.000000e+00
200 3.016847e-08
201 2.386348e-08
202 1.781526e-08
203 1.276234e-08
204 8.805408e-09
205 5.780265e-09
206 3.693499e-09
207 2.380646e-09
208 1.555568e-09
209 1.040494e-09
210 7.073539e-10
211 4.811232e-10
212 3.215431e-10
213 2.078906e-10
214 1.286161e-10
215 0.000000e+00
216 0.000000e+00
217 0.000000e+00
218 0.000000e+00
219 0.000000e+00
220 3.471820e-08
221 2.777471e-08
222 2.089953e-08
223 1.505728e-08
224 1.046553e-08
225 6.909948e-09
226 4.404371e-09
227 2.830192e-09
228 1.837621e-09
229 1.222589e-09
230 8.289205e-10
231 5.642967e-10
232 3.787454e-10
233 2.465657e-10
234 1.538397e-10
235 0.000000e+00
236 0.000000e+00
237 0.000000e+00
238 0.000000e+00
239 0.000000e+00
240 3.861590e-08
241 3.150206e-08
242 2.412294e-08
243 1.758124e-08
244 1.234569e-08
245 8.292963e-09
246 5.320305e-09
247 3.400285e-09
248 2.188478e-09
249 1.438790e-09
250 9.651246e-10
251 6.534064e-10
252 4.389546e-10
253 2.877973e-10
254 1.817946e-10
255 0.000000e+00
256 0.000000e+00
257 0.000000e+00
258 0.000000e+00
259 0.000000e+00
260 4.679122e-08
261 3.899989e-08
262 3.041178e-08
263 2.244376e-08
264 1.593213e-08
265 1.085760e-08
266 7.015849e-09
267 4.456744e-09
268 2.847667e-09
269 1.850152e-09
270 1.228469e-09
271 8.275099e-10
272 5.567397e-10
273 3.677649e-10
274 2.351553e-10
275 0.000000e+00
276 0.000000e+00
277 0.000000e+00
278 0.000000e+00
279 0.000000e+00
280 6.117692e-08
281 5.298876e-08
282 4.292176e-08
283 3.265203e-08
284 2.367606e-08
285 1.652768e-08
286 1.099475e-08
287 6.990073e-09
288 4.426559e-09
289 2.814202e-09
290 1.823958e-09
291 1.204605e-09
292 8.029127e-10
293 5.318639e-10
294 3.448562e-10
295 0.000000e+00
296 0.000000e+00
297 0.000000e+00
298 0.000000e+00
299 0.000000e+00
300 1.334066e-06
301 1.016008e-06
302 7.707140e-07
303 5.489154e-07
304 3.475107e-07
305 2.219748e-07
306 1.390080e-07
307 0.000000e+00
308 0.000000e+00
309 0.000000e+00
310 0.000000e+00
311 0.000000e+00
312 0.000000e+00
313 0.000000e+00
314 0.000000e+00
315 0.000000e+00
316 0.000000e+00
317 0.000000e+00
318 0.000000e+00
319 0.000000e+00
320 1.745614e-06
321 1.331983e-06
322 1.010034e-06
323 7.245284e-07
324 4.594351e-07
325 2.936967e-07
326 1.836457e-07
327 0.000000e+00
328 0.000000e+00
329 0.000000e+00
330 0.000000e+00
331 0.000000e+00
332 0.000000e+00
333 0.000000e+00
334 0.000000e+00
335 0.000000e+00
336 0.000000e+00
337 0.000000e+00
338 0.000000e+00
339 0.000000e+00
340 2.001190e-06
341 1.528195e-06
342 1.158653e-06
343 8.335795e-07
344 5.289415e-07
345 3.382371e-07
346 2.113672e-07
347 0.000000e+00
348 0.000000e+00
349 0.000000e+00
350 0.000000e+00
351 0.000000e+00
352 0.000000e+00
353 0.000000e+00
354 0.000000e+00
355 0.000000e+00
356 0.000000e+00
357 0.000000e+00
358 0.000000e+00
359 0.000000e+00
360 2.230242e-06
361 1.704057e-06
362 1.291858e-06
363 9.313234e-07
364 5.912366e-07
365 3.781561e-07
366 2.362124e-07
367 0.000000e+00
368 0.000000e+00
369 0.000000e+00
370 0.000000e+00
371 0.000000e+00
372 0.000000e+00
373 0.000000e+00
374 0.000000e+00
375 0.000000e+00
376 0.000000e+00
377 0.000000e+00
378 0.000000e+00
379 0.000000e+00
380 1.073361e-06
381 9.000265e-07
382 6.825539e-07
383 5.196369e-07
384 3.810837e-07
385 2.358907e-07
386 1.511389e-07
387 9.316087e-08
388 0.000000e+00
389 0.000000e+00
390 0.000000e+00
391 0.000000e+00
392 0.000000e+00
393 0.000000e+00
394 0.000000e+00
395 0.000000e+00
396 0.000000e+00
397 0.000000e+00
398 0.000000e+00
399 0.000000e+00
400 1.382952e-06
401 1.163456e-06
402 8.835638e-07
403 6.719601e-07
404 4.947352e-07
405 3.064875e-07
406 1.966212e-07
407 1.210577e-07
408 0.000000e+00
409 0.000000e+00
410 0.000000e+00
411 0.000000e+00
412 0.000000e+00
413 0.000000e+00
414 0.000000e+00
415 0.000000e+00
416 0.000000e+00
417 0.000000e+00
418 0.000000e+00
419 0.000000e+00
420 1.660415e-06
421 1.399513e-06
422 1.063684e-06
423 8.084564e-07
424 5.965799e-07
425 3.697522e-07
426 2.373800e-07
427 1.460574e-07
428 0.000000e+00
429 0.000000e+00
430 0.000000e+00
431 0.000000e+00
432 0.000000e+00
433 0.000000e+00
434 0.000000e+00
435 0.000000e+00
436 0.000000e+00
437 0.000000e+00
438 0.000000e+00
439 0.000000e+00
440 5.447255e-07
441 5.057875e-07
442 4.105251e-07
443 3.069115e-07
444 2.365255e-07
445 1.651741e-07
446 1.019217e-07
447 6.306574e-08
448 3.887504e-08
449 0.000000e+00
450 0.000000e+00
451 0.000000e+00
452 0.000000e+00
453 0.000000e+00
454 0.000000e+00
455 0.000000e+00
456 0.000000e+00
457 0.000000e+00
458 0.000000e+00
459 0.000000e+00
460 8.662444e-07
461 8.081783e-07
462 6.592069e-07
463 4.933532e-07
464 3.795457e-07
465 2.675631e-07
466 1.643570e-07
467 1.022040e-07
468 6.289913e-08
469 0.000000e+00
470 0.000000e+00
471 0.000000e+00
472 0.000000e+00
473 0.000000e+00
474 0.000000e+00
475 0.000000e+00
476 0.000000e+00
477 0.000000e+00
478 0.000000e+00
479 0.000000e+00
480 1.153778e-06
481 1.078600e-06
482 8.815949e-07
483 6.600817e-07
484 5.074475e-07
485 3.591195e-07
486 2.201876e-07
487 1.371989e-07
488 8.438080e-08
489 0.000000e+00
490 0.000000e+00
491 0.000000e+00
492 0.000000e+00
493 0.000000e+00
494 0.000000e+00
495 0.000000e+00
496 0.000000e+00
497 0.000000e+00
498 0.000000e+00
499 0.000000e+00
500 5.128452e-07
501 5.120462e-07
502 4.514608e-07
503 3.497053e-07
504 2.616275e-07
505 2.024293e-07
506 1.263210e-07
507 8.219872e-08
508 4.905773e-08
509 2.975994e-08
510 0.000000e+00
511 0.000000e+00
512 0.000000e+00
513 0.000000e+00
514 0.000000e+00
515 0.000000e+00
516 0.000000e+00
517 0.000000e+00
518 0.000000e+00
519 0.000000e+00
520 7.943935e-07
521 7.947991e-07
522 7.026989e-07
523 5.454199e-07
524 4.077977e-07
525 3.157759e-07
526 1.980129e-07
527 1.286173e-07
528 7.671276e-08
529 4.654412e-08
530 0.000000e+00
531 0.000000e+00
532 0.000000e+00
533 0.000000e+00
534 0.000000e+00
535 0.000000e+00
536 0.000000e+00
537 0.000000e+00
538 0.000000e+00
539 0.000000e+00
540 2.781278e-07
541 2.900111e-07
542 2.713234e-07
543 2.211217e-07
544 1.648663e-07
545 1.271354e-07
546 8.961598e-08
547 5.440642e-08
548 3.309520e-08
549 2.007378e-08
550 0.000000e+00
551 0.000000e+00
552 0.000000e+00
553 0.000000e+00
554 0.000000e+00
555 0.000000e+00
556 0.000000e+00
557 0.000000e+00
558 0.000000e+00
559 0.000000e+00
560 5.494520e-07
561 5.744386e-07
562 5.394744e-07
563 4.414383e-07
564 3.294468e-07
565 2.536078e-07
566 1.802333e-07
567 1.088825e-07
568 6.659900e-08
569 4.033528e-08
570 0.000000e+00
571 0.000000e+00
572 0.000000e+00
573 0.000000e+00
574 0.000000e+00
575 0.000000e+00
576 0.000000e+00
577 0.000000e+00
578 0.000000e+00
579 0.000000e+00
580 3.803228e-07
581 4.098340e-07
582 4.021016e-07
583 3.459295e-07
584 2.632209e-07
585 1.982879e-07
586 1.517742e-07
587 9.023773e-08
588 5.877596e-08
589 3.482508e-08
590 2.050491e-08
591 0.000000e+00
592 0.000000e+00
593 0.000000e+00
594 0.000000e+00
595 0.000000e+00
596 0.000000e+00
597 0.000000e+00
598 0.000000e+00
599 0.000000e+00
600 2.604642e-07
601 2.869381e-07
602 2.907142e-07
603 2.608243e-07
604 2.041874e-07
605 1.519795e-07
606 1.185660e-07
607 7.526322e-08
608 4.863967e-08
609 2.832024e-08
610 1.673870e-08
611 0.000000e+00
612 0.000000e+00
613 0.000000e+00
614 0.000000e+00
615 0.000000e+00
616 0.000000e+00
617 0.000000e+00
618 0.000000e+00
619 0.000000e+00
620 2.597261e-04
621 1.969150e-04
622 1.502555e-04
623 1.089004e-04
624 6.796334e-05
625 4.369639e-05
626 2.727699e-05
627 0.000000e+00
628 0.000000e+00
629 0.000000e+00
630 0.000000e+00
631 0.000000e+00
632 0.000000e+00
633 0.000000e+00
634 0.000000e+00
635 0.000000e+00
636 0.000000e+00
637 0.000000e+00
638 0.000000e+00
639 0.000000e+00
640 1.485462e-04
641 1.253252e-04
642 9.488185e-05
643 7.211387e-05
644 5.378361e-05
645 3.273996e-05
646 2.118485e-05
647 1.304549e-05
648 0.000000e+00
649 0.000000e+00
650 0.000000e+00
651 0.000000e+00
652 0.000000e+00
653 0.000000e+00
654 0.000000e+00
655 0.000000e+00
656 0.000000e+00
657 0.000000e+00
658 0.000000e+00
659 0.000000e+00
660 9.172167e-05
661 8.599109e-05
662 7.033525e-05
663 5.253229e-05
664 4.044017e-05
665 2.878854e-05
666 1.751741e-05
667 1.086635e-05
668 6.702511e-06
669 0.000000e+00
670 0.000000e+00
671 0.000000e+00
672 0.000000e+00
673 0.000000e+00
674 0.000000e+00
675 0.000000e+00
676 0.000000e+00
677 0.000000e+00
678 0.000000e+00
679 0.000000e+00
680 6.145360e-05
681 6.163275e-05
682 5.461560e-05
683 4.239055e-05
684 3.163607e-05
685 2.461538e-05
686 1.536978e-05
687 1.007192e-05
688 5.986814e-06
689 3.623641e-06
690 0.000000e+00
691 0.000000e+00
692 0.000000e+00
693 0.000000e+00
694 0.000000e+00
695 0.000000e+00
696 0.000000e+00
697 0.000000e+00
698 0.000000e+00
699 0.000000e+00
700 4.413079e-05
701 4.622634e-05
702 4.351745e-05
703 3.566451e-05
704 2.659326e-05
705 2.046865e-05
706 1.463214e-05
707 8.783487e-06
708 5.362848e-06
709 3.251150e-06
710 0.000000e+00
711 0.000000e+00
712 0.000000e+00
713 0.000000e+00
714 0.000000e+00
715 0.000000e+00
716 0.000000e+00
717 0.000000e+00
718 0.000000e+00
719 0.000000e+00
720 3.347735e-05
721 3.613387e-05
722 3.553190e-05
723 3.063776e-05
724 2.332183e-05
725 1.754563e-05
726 1.349138e-05
727 7.988726e-06
728 5.238218e-06
729 3.102068e-06
730 1.816862e-06
731 0.000000e+00
732 0.000000e+00
733 0.000000e+00
734 0.000000e+00
735 0.000000e+00
736 0.000000e+00
737 0.000000e+00
738 0.000000e+00
739 0.000000e+00
740 2.651257e-05
741 2.925146e-05
742 2.969957e-05
743 2.671612e-05
744 2.094614e-05
745 1.557505e-05
746 1.216846e-05
747 7.750340e-06
748 5.013260e-06
749 2.911449e-06
750 1.723980e-06
751 0.000000e+00
752 0.000000e+00
753 0.000000e+00
754 0.000000e+00
755 0.000000e+00
756 0.000000e+00
757 0.000000e+00
758 0.000000e+00
759 0.000000e+00
760 7.761243e+03
761 4.122791e+03
762 2.183874e+03
763 1.065990e+03
764 3.590668e+02
765 1.195346e+04
766 5.951886e+03
767 2.929347e+03
768 1.305702e+03
769 3.916755e+02
770 1.205392e+04
771 5.584869e+03
772 2.534958e+03
773 1.023462e+03
774 2.708532e+02
775 2.239590e-08
776 1.533598e-08
777 1.017422e-08
778 6.446103e-09
779 3.984393e-09
780 2.628155e-08
781 1.788610e-08
782 1.163334e-08
783 7.295017e-09
784 4.455446e-09
785 3.072803e-08
786 2.065930e-08
787 1.320168e-08
788 8.203793e-09
789 4.947008e-09
790 3.618410e-08
791 2.388939e-08
792 1.504721e-08
793 9.248518e-09
794 5.506444e-09
795 4.294314e-08
796 2.773647e-08
797 1.727538e-08
798 1.045992e-08
799 6.160768e-09
800 3.128422e-08
801 2.143242e-08
802 1.426586e-08
803 9.046781e-09
804 5.603422e-09
805 3.669128e-08
806 2.502365e-08
807 1.631842e-08
808 1.024369e-08
809 6.268883e-09
810 4.289686e-08
811 2.893523e-08
812 1.852185e-08
813 1.153141e-08
814 6.962849e-09
815 5.054438e-08
816 3.348801e-08
817 2.111832e-08
818 1.300791e-08
819 7.753452e-09
820 6.005966e-08
821 3.890051e-08
822 2.426218e-08
823 1.471747e-08
824 8.678885e-09
825 3.682706e-08
826 2.523397e-08
827 1.681737e-08
828 1.066854e-08
829 6.612426e-09
830 4.318268e-08
831 2.947441e-08
832 1.924002e-08
833 1.208245e-08
834 7.399057e-09
835 5.048500e-08
836 3.409592e-08
837 2.183947e-08
838 1.360521e-08
839 8.219171e-09
840 5.949890e-08
841 3.947359e-08
842 2.490422e-08
843 1.535083e-08
844 9.153856e-09
845 7.073290e-08
846 4.586234e-08
847 2.861910e-08
848 1.737086e-08
849 1.024827e-08
850 4.179465e-08
851 2.864098e-08
852 1.910409e-08
853 1.212199e-08
854 7.516712e-09
855 4.900040e-08
856 3.346325e-08
857 2.185841e-08
858 1.373039e-08
859 8.411937e-09
860 5.728562e-08
861 3.872102e-08
862 2.481278e-08
863 1.546378e-08
864 9.345109e-09
865 6.752409e-08
866 4.483798e-08
867 2.829721e-08
868 1.745059e-08
869 1.040892e-08
870 8.029845e-08
871 5.210165e-08
872 3.252384e-08
873 1.974888e-08
874 1.165478e-08
875 2.170003e-08
876 1.452371e-08
877 9.833825e-09
878 6.644667e-09
879 4.201985e-09
880 2.525794e-08
881 1.681132e-08
882 1.148569e-08
883 7.583173e-09
884 4.739780e-09
885 2.913552e-08
886 1.946438e-08
887 1.330312e-08
888 8.566158e-09
889 5.324371e-09
890 3.380061e-08
891 2.281357e-08
892 1.540211e-08
893 9.712398e-09
894 5.995446e-09
895 3.973592e-08
896 2.710614e-08
897 1.784720e-08
898 1.111645e-08
899 6.765100e-09
900 3.167311e-08
901 2.121619e-08
902 1.434011e-08
903 9.705639e-09
904 6.142509e-09
905 3.688447e-08
906 2.453950e-08
907 1.674686e-08
908 1.108227e-08
909 6.929046e-09
910 4.255291e-08
911 2.838606e-08
912 1.940451e-08
913 1.252181e-08
914 7.785772e-09
915 4.935027e-08
916 3.324391e-08
917 2.248443e-08
918 1.419797e-08
919 8.769059e-09
920 5.796701e-08
921 3.949172e-08
922 2.607771e-08
923 1.625007e-08
924 9.895962e-09
925 4.061880e-08
926 2.721941e-08
927 1.838205e-08
928 1.245137e-08
929 7.883246e-09
930 4.731347e-08
931 3.147160e-08
932 2.146591e-08
933 1.422107e-08
934 8.892921e-09
935 5.458839e-08
936 3.638848e-08
937 2.487729e-08
938 1.607020e-08
939 9.993779e-09
940 6.329827e-08
941 4.259934e-08
942 2.883726e-08
943 1.822173e-08
944 1.125715e-08
945 7.431979e-08
946 5.060085e-08
947 3.346070e-08
948 2.085515e-08
949 1.270454e-08
950 2.212544e-08
951 1.580494e-08
952 1.035243e-08
953 6.918505e-09
954 4.656951e-09
955 2.630144e-08
956 1.820385e-08
957 1.184636e-08
958 8.038598e-09
959 5.261380e-09
960 3.083306e-08
961 2.075372e-08
962 1.357703e-08
963 9.259380e-09
964 5.872553e-09
965 3.608020e-08
966 2.374323e-08
967 1.576624e-08
968 1.063250e-08
969 6.574744e-09
970 4.228500e-08
971 2.747949e-08
972 1.858615e-08
973 1.217229e-08
974 7.453342e-09
975 3.466576e-08
976 2.481300e-08
977 1.625933e-08
978 1.085101e-08
979 7.312332e-09
980 4.122774e-08
981 2.858725e-08
982 1.859620e-08
983 1.260496e-08
984 8.263491e-09
985 4.835336e-08
986 3.259322e-08
987 2.129796e-08
988 1.452097e-08
989 9.223326e-09
990 5.660736e-08
991 3.727802e-08
992 2.471370e-08
993 1.668161e-08
994 1.032471e-08
995 6.636664e-08
996 4.311516e-08
997 2.912101e-08
998 1.910861e-08
999 1.170356e-08
