0 4.414188e-09
1 3.096064e-09
2 2.094224e-09
3 1.375354e-09
4 9.012411e-10
5 5.995484e-10
6 4.067544e-10
7 2.802502e-10
8 1.934322e-10
9 1.313088e-10
10 8.627050e-11
11 5.420322e-11
12 3.235204e-11
13 1.832446e-11
14 9.889218e-12
15 0.000000e+00
16 0.000000e+00
17 0.000000e+00
18 0.000000e+00
19 0.000000e+00
20 7.246155e-09
21 5.193857e-09
22 3.589222e-09
23 2.385011e-09
24 1.550562e-09
25 1.017271e-09
26 6.785502e-10
27 4.624390e-10
28 3.189857e-10
29 2.190700e-10
30 1.470952e-10
31 9.510892e-11
32 5.861002e-11
33 3.426260e-11
34 1.901660e-11
35 0.000000e+00
36 0.000000e+00
37 0.000000e+00
38 0.000000e+00
39 0.000000e+00
40 8.267191e-09
41 5.959649e-09
42 4.142959e-09
43 2.766163e-09
44 1.797021e-09
45 1.175021e-09
46 7.801638e-10
47 5.296254e-10
48 3.648159e-10
49 2.509770e-10
50 1.693285e-10
51 1.102682e-10
52 6.849982e-11
53 4.038471e-11
54 2.259024e-11
55 0.000000e+00
56 0.000000e+00
57 0.000000e+00
58 0.000000e+00
59 0.000000e+00
60 8.899539e-09
61 6.433195e-09
62 4.485087e-09
63 3.002252e-09
64 1.950150e-09
65 1.272594e-09
66 8.431010e-10
67 5.712592e-10
68 3.933281e-10
69 2.708655e-10
70 1.831831e-10
71 1.196911e-10
72 7.466837e-11
73 4.420263e-11
74 2.481831e-11
75 0.000000e+00
76 0.000000e+00
77 0.000000e+00
78 0.000000e+00
79 0.000000e+00
80 9.463497e-09
81 6.856006e-09
82 4.791037e-09
83 3.212705e-09
84 2.085854e-09
85 1.359396e-09
86 8.990552e-10
87 6.082981e-10
88 4.184613e-10
89 2.884369e-10
90 1.954345e-10
91 1.280259e-10
92 8.010041e-11
93 4.756956e-11
94 2.678366e-11
95 0.000000e+00
96 0.000000e+00
97 0.000000e+00
98 0.000000e+00
99 0.000000e+00
100 1.496665e-08
101 1.113353e-08
102 7.958379e-09
103 5.479262e-09
104 3.603535e-09
105 2.323985e-09
106 1.514383e-09
107 1.003879e-09
108 6.808334e-10
109 4.679875e-10
110 3.204622e-10
111 2.146171e-10
112 1.384253e-10
113 8.509992e-11
114 4.962616e-11
115 0.000000e+00
116 0.000000e+00
117 0.000000e+00
118 0.000000e+00
119 0.000000e+00
120 1.894259e-08
121 1.432346e-08
122 1.036105e-08
123 7.227180e-09
124 4.816745e-09
125 3.101218e-09
126 2.008141e-09
127 1.316549e-09
128 8.840193e-10
129 6.043880e-10
130 4.145084e-10
131 2.799139e-10
132 1.830222e-10
133 1.144665e-10
134 6.800953e-11
135 0.000000e+00
136 0.000000e+00
137 0.000000e+00
138 0.000000e+00
139 0.000000e+00
140 2.145329e-08
141 1.634580e-08
142 1.188433e-08
143 8.338704e-09
144 5.589577e-09
145 3.597815e-09
146 2.322978e-09
147 1.515953e-09
148 1.013409e-09
149 6.911036e-10
150 4.742192e-10
151 3.213401e-10
152 2.113329e-10
153 1.331353e-10
154 7.972135e-11
155 0.000000e+00
156 0.000000e+00
157 0.000000e+00
158 0.000000e+00
159 0.000000e+00
160 2.367775e-08
161 1.814009e-08
162 1.323533e-08
163 9.323562e-09
164 6.274643e-09
165 4.037999e-09
166 2.601903e-09
167 1.692689e-09
168 1.128064e-09
169 7.679232e-10
170 5.271348e-10
171 3.580781e-10
172 2.364400e-10
173 1.496912e-10
174 9.010603e-11
175 0.000000e+00
176 0.000000e+00
177 0.000000e+00
178 0.000000e+00
179 0.000000e+00
180 2.631560e-08
181 2.055564e-08
182 1.520622e-08
183 1.081647e-08
184 7.400256e-09
185 4.824490e-09
186 3.091868e-09
187 2.000142e-09
188 1.316674e-09
189 8.862347e-10
190 6.044173e-10
191 4.107024e-10
192 2.731205e-10
193 1.751633e-10
194 1.072792e-10
195 0.000000e+00
196 0.000000e+00
197 0.000000e+00
198 0.000000e+00
199 0.000000e+00
200 3.157481e-08
201 2.510357e-08
202 1.881435e-08
203 1.351467e-08
204 9.353934e-09
205 6.162299e-09
206 3.935545e-09
207 2.533459e-09
208 1.650594e-09
209 1.101043e-09
210 7.471953e-10
211 5.081039e-10
212 3.400615e-10
213 2.204811e-10
214 1.369253e-10
215 0.000000e+00
216 0.000000e+00
217 0.000000e+00
218 0.000000e+00
219 0.000000e+00
220 3.624655e-08
221 2.914744e-08
222 2.202187e-08
223 1.590801e-08
224 1.108970e-08
225 7.351349e-09
226 4.685362e-09
227 3.007270e-09
228 1.947090e-09
229 1.291778e-09
230 8.740374e-10
231 5.946567e-10
232 3.995555e-10
233 2.607647e-10
234 1.632831e-10
235 0.000000e+00
236 0.000000e+00
237 0.000000e+00
238 0.000000e+00
239 0.000000e+00
240 4.030362e-08
241 3.305455e-08
242 2.542664e-08
243 1.859093e-08
244 1.309012e-08
245 8.825969e-09
246 5.672990e-09
247 3.619942e-09
248 2.325459e-09
249 1.524252e-09
250 1.019768e-09
251 6.895042e-10
252 4.633685e-10
253 3.043767e-10
254 1.928653e-10
255 0.000000e+00
256 0.000000e+00
257 0.000000e+00
258 0.000000e+00
259 0.000000e+00
260 4.865376e-08
261 4.076122e-08
262 3.193599e-08
263 2.365031e-08
264 1.683104e-08
265 1.150995e-08
266 7.460537e-09
267 4.733171e-09
268 3.021039e-09
269 1.956571e-09
270 1.295309e-09
271 8.708585e-10
272 5.856752e-10
273 3.873319e-10
274 2.482859e-10
275 0.000000e+00
276 0.000000e+00
277 0.000000e+00
278 0.000000e+00
279 0.000000e+00
280 6.317916e-08
281 5.496137e-08
282 4.471543e-08
283 3.414217e-08
284 2.481920e-08
285 1.736788e-08
286 1.159122e-08
287 7.377298e-09
288 4.666790e-09
289 2.961158e-09
290 1.913979e-09
291 1.260993e-09
292 8.391602e-10
293 5.557727e-10
294 3.607501e-10
295 0.000000e+00
296 0.000000e+00
297 0.000000e+00
298 0.000000e+00
299 0.000000e+00
300 1.480100e-06
301 1.120748e-06
302 8.524099e-07
303 5.946925e-07
304 3.749672e-07
305 2.385644e-07
306 1.501686e-07
307 0.000000e+00
308 0.000000e+00
309 0.000000e+00
310 0.000000e+00
311 0.000000e+00
312 0.000000e+00
313 0.000000e+00
314 0.000000e+00
315 0.000000e+00
316 0.000000e+00
317 0.000000e+00
318 0.000000e+00
319 0.000000e+00
320 1.864349e-06
321 1.412745e-06
322 1.074598e-06
323 7.541208e-07
324 4.752571e-07
325 3.027811e-07
326 1.903320e-07
327 0.000000e+00
328 0.000000e+00
329 0.000000e+00
330 0.000000e+00
331 0.000000e+00
332 0.000000e+00
333 0.000000e+00
334 0.000000e+00
335 0.000000e+00
336 0.000000e+00
337 0.000000e+00
338 0.000000e+00
339 0.000000e+00
340 2.102799e-06
341 1.593946e-06
342 1.212473e-06
343 8.530530e-07
344 5.374861e-07
345 3.426252e-07
346 2.152565e-07
347 0.000000e+00
348 0.000000e+00
349 0.000000e+00
350 0.000000e+00
351 0.000000e+00
352 0.000000e+00
353 0.000000e+00
354 0.000000e+00
355 0.000000e+00
356 0.000000e+00
357 0.000000e+00
358 0.000000e+00
359 0.000000e+00
360 2.314352e-06
361 1.754727e-06
362 1.334806e-06
363 9.408253e-07
364 5.927004e-07
365 3.779783e-07
366 2.373682e-07
367 0.000000e+00
368 0.000000e+00
369 0.000000e+00
370 0.000000e+00
371 0.000000e+00
372 0.000000e+00
373 0.000000e+00
374 0.000000e+00
375 0.000000e+00
376 0.000000e+00
377 0.000000e+00
378 0.000000e+00
379 0.000000e+00
380 8.630858e-07
381 6.923867e-07
382 5.195125e-07
383 3.995569e-07
384 2.731644e-07
385 1.716145e-07
386 1.071414e-07
387 6.704029e-08
388 0.000000e+00
389 0.000000e+00
390 0.000000e+00
391 0.000000e+00
392 0.000000e+00
393 0.000000e+00
394 0.000000e+00
395 0.000000e+00
396 0.000000e+00
397 0.000000e+00
398 0.000000e+00
399 0.000000e+00
400 1.329627e-06
401 1.073169e-06
402 8.057801e-07
403 6.191540e-07
404 4.281352e-07
405 2.677661e-07
406 1.678513e-07
407 1.048311e-07
408 0.000000e+00
409 0.000000e+00
410 0.000000e+00
411 0.000000e+00
412 0.000000e+00
413 0.000000e+00
414 0.000000e+00
415 0.000000e+00
416 0.000000e+00
417 0.000000e+00
418 0.000000e+00
419 0.000000e+00
420 1.619567e-06
421 1.309869e-06
422 9.837506e-07
423 7.556626e-07
424 5.244965e-07
425 3.275572e-07
426 2.056084e-07
427 1.283316e-07
428 0.000000e+00
429 0.000000e+00
430 0.000000e+00
431 0.000000e+00
432 0.000000e+00
433 0.000000e+00
434 0.000000e+00
435 0.000000e+00
436 0.000000e+00
437 0.000000e+00
438 0.000000e+00
439 0.000000e+00
440 1.876826e-06
441 1.519885e-06
442 1.141659e-06
443 8.767795e-07
444 6.099893e-07
445 3.806081e-07
446 2.391075e-07
447 1.491828e-07
448 0.000000e+00
449 0.000000e+00
450 0.000000e+00
451 0.000000e+00
452 0.000000e+00
453 0.000000e+00
454 0.000000e+00
455 0.000000e+00
456 0.000000e+00
457 0.000000e+00
458 0.000000e+00
459 0.000000e+00
460 8.501888e-07
461 7.514694e-07
462 5.850433e-07
463 4.383764e-07
464 3.379023e-07
465 2.154954e-07
466 1.392399e-07
467 8.455174e-08
468 5.245794e-08
469 0.000000e+00
470 0.000000e+00
471 0.000000e+00
472 0.000000e+00
473 0.000000e+00
474 0.000000e+00
475 0.000000e+00
476 0.000000e+00
477 0.000000e+00
478 0.000000e+00
479 0.000000e+00
480 1.160033e-06
481 1.028341e-06
482 8.023528e-07
483 6.008925e-07
484 4.635074e-07
485 2.970438e-07
486 1.915300e-07
487 1.163064e-07
488 7.214308e-08
489 0.000000e+00
490 0.000000e+00
491 0.000000e+00
492 0.000000e+00
493 0.000000e+00
494 0.000000e+00
495 0.000000e+00
496 0.000000e+00
497 0.000000e+00
498 0.000000e+00
499 0.000000e+00
500 1.434875e-06
501 1.273918e-06
502 9.950910e-07
503 7.450302e-07
504 5.749102e-07
505 3.693704e-07
506 2.379074e-07
507 1.444717e-07
508 8.960293e-08
509 0.000000e+00
510 0.000000e+00
511 0.000000e+00
512 0.000000e+00
513 0.000000e+00
514 0.000000e+00
515 0.000000e+00
516 0.000000e+00
517 0.000000e+00
518 0.000000e+00
519 0.000000e+00
520 4.886262e-07
521 4.632534e-07
522 3.837989e-07
523 2.879435e-07
524 2.203877e-07
525 1.602203e-07
526 9.676800e-08
527 6.102881e-08
528 3.741180e-08
529 0.000000e+00
530 0.000000e+00
531 0.000000e+00
532 0.000000e+00
533 0.000000e+00
534 0.000000e+00
535 0.000000e+00
536 0.000000e+00
537 0.000000e+00
538 0.000000e+00
539 0.000000e+00
540 8.010543e-07
541 7.623571e-07
542 6.343256e-07
543 4.766455e-07
544 3.641514e-07
545 2.664900e-07
546 1.606880e-07
547 1.018255e-07
548 6.229843e-08
549 0.000000e+00
550 0.000000e+00
551 0.000000e+00
552 0.000000e+00
553 0.000000e+00
554 0.000000e+00
555 0.000000e+00
556 0.000000e+00
557 0.000000e+00
558 0.000000e+00
559 0.000000e+00
560 1.077523e-06
561 1.027027e-06
562 8.560108e-07
563 6.436219e-07
564 4.913652e-07
565 3.605189e-07
566 2.172457e-07
567 1.379196e-07
568 8.431709e-08
569 0.000000e+00
570 0.000000e+00
571 0.000000e+00
572 0.000000e+00
573 0.000000e+00
574 0.000000e+00
575 0.000000e+00
576 0.000000e+00
577 0.000000e+00
578 0.000000e+00
579 0.000000e+00
580 5.386609e-07
581 5.387334e-07
582 4.759128e-07
583 3.689474e-07
584 2.757795e-07
585 2.138181e-07
586 1.334823e-07
587 8.705778e-08
588 5.188687e-08
589 3.144869e-08
590 0.000000e+00
591 0.000000e+00
592 0.000000e+00
593 0.000000e+00
594 0.000000e+00
595 0.000000e+00
596 0.000000e+00
597 0.000000e+00
598 0.000000e+00
599 0.000000e+00
600 8.096279e-07
601 8.109994e-07
602 7.179241e-07
603 5.574224e-07
604 4.164689e-07
605 3.230685e-07
606 2.024511e-07
607 1.318460e-07
608 7.853914e-08
609 4.761404e-08
610 0.000000e+00
611 0.000000e+00
612 0.000000e+00
613 0.000000e+00
614 0.000000e+00
615 0.000000e+00
616 0.000000e+00
617 0.000000e+00
618 0.000000e+00
619 0.000000e+00
620 3.481490e-07
621 3.606486e-07
622 3.342523e-07
623 2.697954e-07
624 2.008218e-07
625 1.554589e-07
626 1.072926e-07
627 6.605440e-08
628 3.972137e-08
629 2.415997e-08
630 0.000000e+00
631 0.000000e+00
632 0.000000e+00
633 0.000000e+00
634 0.000000e+00
635 0.000000e+00
636 0.000000e+00
637 0.000000e+00
638 0.000000e+00
639 0.000000e+00
640 6.111351e-07
641 6.342141e-07
642 5.893036e-07
643 4.768948e-07
644 3.551115e-07
645 2.746207e-07
646 1.906535e-07
647 1.169026e-07
648 7.050259e-08
649 4.285413e-08
650 0.000000e+00
651 0.000000e+00
652 0.000000e+00
653 0.000000e+00
654 0.000000e+00
655 0.000000e+00
656 0.000000e+00
657 0.000000e+00
658 0.000000e+00
659 0.000000e+00
660 2.079582e-07
661 2.210222e-07
662 2.125228e-07
663 1.784051e-07
664 1.341250e-07
665 1.020891e-07
666 7.600589e-08
667 4.483115e-08
668 2.842173e-08
669 1.703770e-08
670 0.000000e+00
671 0.000000e+00
672 0.000000e+00
673 0.000000e+00
674 0.000000e+00
675 0.000000e+00
676 0.000000e+00
677 0.000000e+00
678 0.000000e+00
679 0.000000e+00
680 4.628108e-07
681 4.930391e-07
682 4.757123e-07
683 4.009860e-07
684 3.020088e-07
685 2.294517e-07
686 1.717607e-07
687 1.012915e-07
688 6.458089e-08
689 3.863801e-08
690 0.000000e+00
691 0.000000e+00
692 0.000000e+00
693 0.000000e+00
694 0.000000e+00
695 0.000000e+00
696 0.000000e+00
697 0.000000e+00
698 0.000000e+00
699 0.000000e+00
700 3.503267e-07
701 3.808090e-07
702 3.783821e-07
703 3.307609e-07
704 2.540473e-07
705 1.902707e-07
706 1.474011e-07
707 8.907326e-08
708 5.848663e-08
709 3.439335e-08
710 2.015419e-08
711 0.000000e+00
712 0.000000e+00
713 0.000000e+00
714 0.000000e+00
715 0.000000e+00
716 0.000000e+00
717 0.000000e+00
718 0.000000e+00
719 0.000000e+00
720 2.636028e-07
721 2.911634e-07
722 2.961217e-07
723 2.670468e-07
724 2.099046e-07
725 1.560948e-07
726 1.218261e-07
727 7.818489e-08
728 5.025427e-08
729 2.921904e-08
730 1.731301e-08
731 0.000000e+00
732 0.000000e+00
733 0.000000e+00
734 0.000000e+00
735 0.000000e+00
736 0.000000e+00
737 0.000000e+00
738 0.000000e+00
739 0.000000e+00
740 3.169763e-04
741 2.385841e-04
742 1.832678e-04
743 1.288351e-04
744 8.051691e-05
745 5.114091e-05
746 3.219490e-05
747 0.000000e+00
748 0.000000e+00
749 0.000000e+00
750 0.000000e+00
751 0.000000e+00
752 0.000000e+00
753 0.000000e+00
754 0.000000e+00
755 0.000000e+00
756 0.000000e+00
757 0.000000e+00
758 0.000000e+00
759 0.000000e+00
760 1.999227e-04
761 1.616624e-04
762 1.208686e-04
763 9.334948e-05
764 6.496525e-05
765 4.041342e-05
766 2.517401e-05
767 1.576078e-05
768 0.000000e+00
769 0.000000e+00
770 0.000000e+00
771 0.000000e+00
772 0.000000e+00
773 0.000000e+00
774 0.000000e+00
775 0.000000e+00
776 0.000000e+00
777 0.000000e+00
778 0.000000e+00
779 0.000000e+00
780 1.319722e-04
781 1.173913e-04
782 9.156401e-05
783 6.837243e-05
784 5.313669e-05
785 3.384211e-05
786 2.205992e-05
787 1.330706e-05
788 8.240783e-06
789 0.000000e+00
790 0.000000e+00
791 0.000000e+00
792 0.000000e+00
793 0.000000e+00
794 0.000000e+00
795 0.000000e+00
796 0.000000e+00
797 0.000000e+00
798 0.000000e+00
799 0.000000e+00
800 9.176696e-05
801 8.766343e-05
802 7.313371e-05
803 5.489276e-05
804 4.189707e-05
805 3.094957e-05
806 1.844799e-05
807 1.173092e-05
808 7.180483e-06
809 0.000000e+00
810 0.000000e+00
811 0.000000e+00
812 0.000000e+00
813 0.000000e+00
814 0.000000e+00
815 0.000000e+00
816 0.000000e+00
817 0.000000e+00
818 0.000000e+00
819 0.000000e+00
820 6.707503e-05
821 6.731940e-05
822 5.970107e-05
823 4.634721e-05
824 3.457266e-05
825 2.692907e-05
826 1.680864e-05
827 1.103597e-05
828 6.554542e-06
829 3.965333e-06
830 0.000000e+00
831 0.000000e+00
832 0.000000e+00
833 0.000000e+00
834 0.000000e+00
835 0.000000e+00
836 0.000000e+00
837 0.000000e+00
838 0.000000e+00
839 0.000000e+00
840 5.118406e-05
841 5.320422e-05
842 4.953444e-05
843 4.012492e-05
844 2.984733e-05
845 2.309341e-05
846 1.609908e-05
847 9.834862e-06
848 5.907227e-06
849 3.598218e-06
850 0.000000e+00
851 0.000000e+00
852 0.000000e+00
853 0.000000e+00
854 0.000000e+00
855 0.000000e+00
856 0.000000e+00
857 0.000000e+00
858 0.000000e+00
859 0.000000e+00
860 4.048944e-05
861 4.319555e-05
862 4.175656e-05
863 3.525408e-05
864 2.654666e-05
865 2.015065e-05
866 1.515802e-05
867 8.884224e-06
868 5.687836e-06
869 3.401447e-06
870 0.000000e+00
871 0.000000e+00
872 0.000000e+00
873 0.000000e+00
874 0.000000e+00
875 0.000000e+00
876 0.000000e+00
877 0.000000e+00
878 0.000000e+00
879 0.000000e+00
880 3.298377e-05
881 3.589999e-05
882 3.573527e-05
883 3.129860e-05
884 2.405339e-05
885 1.799531e-05
886 1.398205e-05
887 8.436942e-06
888 5.568872e-06
889 3.272345e-06
890 1.910928e-06
891 0.000000e+00
892 0.000000e+00
893 0.000000e+00
894 0.000000e+00
895 0.000000e+00
896 0.000000e+00
897 0.000000e+00
898 0.000000e+00
899 0.000000e+00
900 2.754397e-05
901 3.046094e-05
902 3.103302e-05
903 2.804596e-05
904 2.207230e-05
905 1.640103e-05
906 1.281339e-05
907 8.248681e-06
908 5.303123e-06
909 3.075819e-06
910 1.826454e-06
911 0.000000e+00
912 0.000000e+00
913 0.000000e+00
914 0.000000e+00
915 0.000000e+00
916 0.000000e+00
917 0.000000e+00
918 0.000000e+00
919 0.000000e+00
920 7.761243e+03
921 4.122791e+03
922 2.183874e+03
923 1.065990e+03
924 3.590668e+02
925 1.195346e+04
926 5.951886e+03
927 2.929347e+03
928 1.305702e+03
929 3.916755e+02
930 1.205392e+04
931 5.584869e+03
932 2.534958e+03
933 1.023462e+03
934 2.708532e+02
935 9.556221e+03
936 4.099303e+03
937 1.707752e+03
938 6.215575e+02
939 1.443729e+02
940 2.327190e-08
941 1.593643e-08
942 1.057685e-08
943 6.700131e-09
944 4.143389e-09
945 2.730703e-08
946 1.858871e-08
947 1.209417e-08
948 7.582957e-09
949 4.633486e-09
950 3.192627e-08
951 2.147357e-08
952 1.372475e-08
953 8.530545e-09
954 5.144872e-09
955 3.759742e-08
956 2.483334e-08
957 1.564385e-08
958 9.617557e-09
959 5.726946e-09
960 4.462678e-08
961 2.883381e-08
962 1.795731e-08
963 1.087775e-08
964 6.407822e-09
965 3.193209e-08
966 2.187628e-08
967 1.456347e-08
968 9.235753e-09
969 5.720913e-09
970 3.744940e-08
971 2.554292e-08
972 1.665900e-08
973 1.045783e-08
974 6.400434e-09
975 4.378240e-08
976 2.953695e-08
977 1.890834e-08
978 1.177283e-08
979 7.109030e-09
980 5.158856e-08
981 3.418546e-08
982 2.155908e-08
983 1.328055e-08
984 7.916342e-09
985 6.130331e-08
986 3.971115e-08
987 2.476919e-08
988 1.502612e-08
989 8.861379e-09
990 3.732094e-08
991 2.557216e-08
992 1.704404e-08
993 1.081240e-08
994 6.701839e-09
995 4.376041e-08
996 2.986993e-08
997 1.949934e-08
998 1.224544e-08
999 7.499153e-09
1000 5.115959e-08
1001 3.455411e-08
1002 2.213366e-08
1003 1.378891e-08
1004 8.330383e-09
1005 6.029406e-08
1006 4.000453e-08
1007 2.523963e-08
1008 1.555825e-08
1009 9.277760e-09
1010 7.167964e-08
1011 4.647926e-08
1012 2.900483e-08
1013 1.760564e-08
1014 1.038707e-08
1015 4.210240e-08
1016 2.885147e-08
1017 1.924501e-08
1018 1.221134e-08
1019 7.572204e-09
1020 4.936008e-08
1021 3.370924e-08
1022 2.201954e-08
1023 1.383156e-08
1024 8.474034e-09
1025 5.770529e-08
1026 3.900579e-08
1027 2.499545e-08
1028 1.557776e-08
1029 9.414074e-09
1030 6.801834e-08
1031 4.516773e-08
1032 2.850533e-08
1033 1.757923e-08
1034 1.048573e-08
1035 8.088644e-08
1036 5.248452e-08
1037 3.276307e-08
1038 1.989442e-08
1039 1.174079e-08
1040 2.287521e-08
1041 1.531223e-08
1042 1.036472e-08
1043 7.005257e-09
1044 4.430562e-09
1045 2.662789e-08
1046 1.772184e-08
1047 1.210549e-08
1048 7.995364e-09
1049 4.997647e-09
1050 3.071644e-08
1051 2.051549e-08
1052 1.402188e-08
1053 9.032114e-09
1054 5.614279e-09
1055 3.563271e-08
1056 2.404237e-08
1057 1.623640e-08
1058 1.024076e-08
1059 6.322128e-09
1060 4.188390e-08
1061 2.856522e-08
1062 1.881672e-08
1063 1.172112e-08
1064 7.133858e-09
1065 3.257676e-08
1066 2.182251e-08
1067 1.474824e-08
1068 9.982853e-09
1069 6.318239e-09
1070 3.793790e-08
1071 2.523959e-08
1072 1.722333e-08
1073 1.139917e-08
1074 7.127287e-09
1075 4.376854e-08
1076 2.919418e-08
1077 1.995704e-08
1078 1.288004e-08
1079 8.008637e-09
1080 5.075900e-08
1081 3.418855e-08
1082 2.312578e-08
1083 1.460417e-08
1084 9.020195e-09
1085 5.961852e-08
1086 4.061329e-08
1087 2.682306e-08
1088 1.671491e-08
1089 1.017945e-08
1090 4.118812e-08
1091 2.760136e-08
1092 1.863908e-08
1093 1.262593e-08
1094 7.993895e-09
1095 4.797713e-08
1096 3.191258e-08
1097 2.176594e-08
1098 1.442062e-08
1099 9.017735e-09
1100 5.535420e-08
1101 3.689743e-08
1102 2.522519e-08
1103 1.629577e-08
1104 1.013408e-08
1105 6.418567e-08
1106 4.319417e-08
1107 2.924108e-08
1108 1.847748e-08
1109 1.141526e-08
1110 7.536004e-08
1111 5.130699e-08
1112 3.393002e-08
1113 2.114780e-08
1114 1.288301e-08
1115 2.339213e-08
1116 1.671484e-08
1117 1.094903e-08
1118 7.315616e-09
1119 4.925091e-09
1120 2.780919e-08
1121 1.925271e-08
1122 1.252810e-08
1123 8.499718e-09
1124 5.564554e-09
1125 3.260280e-08
1126 2.194965e-08
1127 1.435680e-08
1128 9.790694e-09
1129 6.210940e-09
1130 3.815365e-08
1131 2.511037e-08
1132 1.666981e-08
1133 1.124335e-08
1134 6.953430e-09
1135 4.471749e-08
1136 2.905878e-08
1137 1.964995e-08
1138 1.287276e-08
1139 7.882508e-09
1140 3.546402e-08
1141 2.538644e-08
1142 1.663529e-08
1143 1.110118e-08
1144 7.481246e-09
1145 4.217796e-08
1146 2.924830e-08
1147 1.902580e-08
1148 1.289545e-08
1149 8.454493e-09
1150 4.946868e-08
1151 3.334694e-08
1152 2.178927e-08
1153 1.485567e-08
1154 9.436516e-09
1155 5.791407e-08
1156 3.813961e-08
1157 2.528296e-08
1158 1.706641e-08
1159 1.056327e-08
1160 6.789964e-08
1161 4.411040e-08
1162 2.979112e-08
1163 1.954990e-08
1164 1.197389e-08
1165 1.301380e-08
1166 9.975833e-09
1167 6.832564e-09
1168 4.353784e-09
1169 2.919699e-09
1170 1.568167e-08
1171 1.165273e-08
1172 7.730477e-09
1173 4.950430e-09
1174 3.359271e-09
1175 1.866170e-08
1176 1.341549e-08
1177 8.679886e-09
1178 5.652255e-09
1179 3.819955e-09
1180 2.220904e-08
1181 1.539651e-08
1182 9.808632e-09
1183 6.541789e-09
1184 4.321337e-09
1185 2.651107e-08
1186 1.769503e-08
1187 1.126972e-08
1188 7.672293e-09
1189 4.874400e-09
1190 2.747205e-08
1191 2.110461e-08
1192 1.448639e-08
1193 9.226763e-09
1194 6.177009e-09
1195 3.311945e-08
1196 2.466799e-08
1197 1.639466e-08
1198 1.048187e-08
1199 7.111884e-09
1200 3.943412e-08
1201 2.841718e-08
1202 1.840750e-08
1203 1.195851e-08
1204 8.095434e-09
1205 4.695969e-08
1206 3.263203e-08
1207 2.079170e-08
1208 1.383403e-08
1209 9.165674e-09
1210 5.609936e-08
1211 3.751892e-08
1212 2.386545e-08
1213 1.622666e-08
1214 1.033918e-08
